# Raman microscope export (synthetic -- generated by make_demo_data.py)
# Laser        : 532 nm
# Grating      : 1800 l/mm
# Exposure     : 10 s x 3 accumulations
# Objective    : 50x
# Columns      : Wavenumber (cm-1)	Intensity (counts)
800.00	483.224
801.00	489.438
802.00	484.047
803.00	464.948
804.00	491.956
805.00	486.954
806.00	475.663
807.00	489.589
808.00	487.501
809.00	487.167
810.00	484.492
811.00	491.226
812.00	476.344
813.00	483.743
814.00	480.431
815.00	493.922
816.00	487.734
817.00	484.270
818.00	478.920
819.00	485.742
820.00	489.452
821.00	486.575
822.00	505.940
823.00	503.022
824.00	458.939
825.00	469.338
826.00	490.443
827.00	488.010
828.00	496.177
829.00	496.759
830.00	520.105
831.00	481.888
832.00	491.243
833.00	520.832
834.00	504.624
835.00	505.367
836.00	491.790
837.00	478.730
838.00	501.068
839.00	500.918
840.00	485.435
841.00	492.520
842.00	500.410
843.00	490.495
844.00	501.212
845.00	504.097
846.00	503.941
847.00	498.001
848.00	511.766
849.00	515.901
850.00	509.625
851.00	496.525
852.00	515.694
853.00	501.469
854.00	518.609
855.00	495.772
856.00	520.183
857.00	509.546
858.00	495.381
859.00	507.180
860.00	512.177
861.00	515.385
862.00	500.910
863.00	499.994
864.00	516.265
865.00	508.858
866.00	517.875
867.00	524.756
868.00	496.449
869.00	519.882
870.00	532.122
871.00	514.454
872.00	508.894
873.00	528.251
874.00	522.868
875.00	531.181
876.00	516.893
877.00	503.861
878.00	520.931
879.00	517.511
880.00	532.776
881.00	526.408
882.00	505.129
883.00	510.973
884.00	536.538
885.00	534.708
886.00	519.489
887.00	527.781
888.00	533.764
889.00	534.663
890.00	540.183
891.00	533.374
892.00	529.788
893.00	528.451
894.00	544.859
895.00	505.814
896.00	531.796
897.00	534.493
898.00	517.632
899.00	539.370
900.00	528.203
901.00	547.012
902.00	535.800
903.00	545.984
904.00	553.229
905.00	543.847
906.00	529.395
907.00	522.385
908.00	562.252
909.00	540.532
910.00	534.263
911.00	544.916
912.00	541.549
913.00	554.734
914.00	545.580
915.00	546.003
916.00	537.931
917.00	552.810
918.00	535.439
919.00	556.508
920.00	567.479
921.00	531.571
922.00	520.949
923.00	558.625
924.00	582.478
925.00	540.574
926.00	538.261
927.00	561.022
928.00	544.552
929.00	549.257
930.00	551.842
931.00	563.096
932.00	552.542
933.00	561.435
934.00	556.679
935.00	549.360
936.00	556.358
937.00	549.493
938.00	561.680
939.00	548.820
940.00	549.899
941.00	581.206
942.00	563.794
943.00	564.497
944.00	571.996
945.00	561.523
946.00	564.548
947.00	573.111
948.00	572.118
949.00	555.540
950.00	580.175
951.00	563.816
952.00	558.955
953.00	561.551
954.00	568.401
955.00	593.348
956.00	560.448
957.00	577.211
958.00	550.374
959.00	576.748
960.00	588.303
961.00	575.411
962.00	571.443
963.00	582.520
964.00	588.892
965.00	589.204
966.00	605.661
967.00	585.254
968.00	576.391
969.00	582.745
970.00	584.145
971.00	587.080
972.00	586.177
973.00	589.389
974.00	568.017
975.00	598.790
976.00	582.707
977.00	576.297
978.00	598.801
979.00	607.730
980.00	598.615
981.00	595.411
982.00	583.070
983.00	629.498
984.00	606.386
985.00	582.937
986.00	588.040
987.00	599.228
988.00	580.319
989.00	601.792
990.00	595.054
991.00	616.074
992.00	613.703
993.00	570.422
994.00	604.260
995.00	585.154
996.00	618.685
997.00	608.194
998.00	613.567
999.00	595.016
1000.00	630.551
1001.00	633.666
1002.00	597.465
1003.00	615.534
1004.00	603.802
1005.00	612.421
1006.00	598.340
1007.00	636.760
1008.00	603.552
1009.00	612.459
1010.00	622.862
1011.00	609.907
1012.00	615.642
1013.00	612.588
1014.00	618.589
1015.00	606.986
1016.00	616.620
1017.00	620.238
1018.00	619.564
1019.00	625.098
1020.00	621.751
1021.00	635.160
1022.00	623.098
1023.00	626.194
1024.00	620.715
1025.00	623.235
1026.00	615.242
1027.00	637.506
1028.00	618.437
1029.00	624.066
1030.00	638.198
1031.00	639.591
1032.00	630.833
1033.00	612.280
1034.00	642.436
1035.00	641.385
1036.00	622.204
1037.00	649.282
1038.00	632.511
1039.00	628.299
1040.00	643.853
1041.00	641.455
1042.00	646.923
1043.00	626.119
1044.00	668.034
1045.00	639.956
1046.00	629.615
1047.00	656.422
1048.00	645.645
1049.00	654.710
1050.00	647.648
1051.00	651.920
1052.00	656.501
1053.00	645.510
1054.00	663.534
1055.00	650.672
1056.00	646.798
1057.00	659.085
1058.00	664.429
1059.00	657.270
1060.00	650.601
1061.00	669.323
1062.00	641.698
1063.00	651.390
1064.00	665.176
1065.00	649.312
1066.00	666.926
1067.00	666.879
1068.00	679.272
1069.00	658.461
1070.00	662.882
1071.00	675.347
1072.00	642.816
1073.00	710.468
1074.00	665.847
1075.00	666.438
1076.00	686.496
1077.00	676.655
1078.00	656.751
1079.00	686.602
1080.00	690.319
1081.00	675.634
1082.00	678.635
1083.00	688.829
1084.00	673.078
1085.00	690.232
1086.00	688.353
1087.00	678.855
1088.00	671.243
1089.00	686.239
1090.00	679.440
1091.00	702.964
1092.00	693.681
1093.00	702.344
1094.00	695.583
1095.00	698.134
1096.00	686.597
1097.00	705.027
1098.00	719.445
1099.00	695.334
1100.00	692.961
1101.00	699.206
1102.00	696.354
1103.00	694.743
1104.00	705.853
1105.00	701.740
1106.00	723.537
1107.00	707.314
1108.00	712.243
1109.00	720.827
1110.00	706.843
1111.00	728.745
1112.00	704.966
1113.00	703.916
1114.00	710.281
1115.00	714.362
1116.00	699.988
1117.00	717.451
1118.00	698.933
1119.00	736.722
1120.00	720.121
1121.00	714.468
1122.00	712.354
1123.00	719.725
1124.00	722.749
1125.00	713.983
1126.00	716.572
1127.00	726.460
1128.00	723.556
1129.00	742.178
1130.00	745.667
1131.00	733.313
1132.00	739.915
1133.00	719.324
1134.00	744.113
1135.00	737.217
1136.00	744.524
1137.00	759.039
1138.00	713.594
1139.00	745.229
1140.00	730.044
1141.00	751.480
1142.00	729.756
1143.00	740.717
1144.00	750.245
1145.00	756.327
1146.00	751.018
1147.00	741.767
1148.00	745.802
1149.00	764.225
1150.00	754.715
1151.00	735.749
1152.00	767.256
1153.00	763.309
1154.00	769.980
1155.00	756.648
1156.00	771.818
1157.00	750.343
1158.00	771.116
1159.00	759.596
1160.00	774.781
1161.00	779.968
1162.00	760.285
1163.00	769.722
1164.00	772.029
1165.00	787.066
1166.00	782.549
1167.00	760.629
1168.00	781.993
1169.00	786.689
1170.00	804.484
1171.00	760.104
1172.00	775.077
1173.00	798.778
1174.00	767.786
1175.00	770.927
1176.00	792.805
1177.00	800.105
1178.00	781.149
1179.00	796.949
1180.00	793.170
1181.00	811.296
1182.00	794.363
1183.00	807.580
1184.00	786.180
1185.00	796.126
1186.00	798.516
1187.00	814.684
1188.00	809.315
1189.00	794.688
1190.00	813.249
1191.00	815.676
1192.00	806.458
1193.00	806.081
1194.00	808.230
1195.00	791.604
1196.00	815.605
1197.00	817.558
1198.00	805.766
1199.00	826.479
1200.00	802.519
1201.00	813.805
1202.00	816.164
1203.00	847.164
1204.00	805.580
1205.00	832.985
1206.00	839.012
1207.00	833.720
1208.00	844.859
1209.00	820.143
1210.00	806.321
1211.00	844.403
1212.00	822.378
1213.00	834.348
1214.00	825.665
1215.00	853.997
1216.00	853.318
1217.00	835.874
1218.00	856.946
1219.00	849.160
1220.00	847.644
1221.00	851.630
1222.00	850.145
1223.00	861.607
1224.00	859.613
1225.00	853.370
1226.00	871.327
1227.00	853.617
1228.00	866.115
1229.00	869.469
1230.00	883.896
1231.00	861.847
1232.00	890.607
1233.00	873.599
1234.00	870.969
1235.00	867.056
1236.00	884.008
1237.00	879.425
1238.00	867.479
1239.00	869.092
1240.00	877.884
1241.00	878.384
1242.00	901.546
1243.00	906.957
1244.00	902.885
1245.00	898.793
1246.00	891.419
1247.00	899.297
1248.00	911.371
1249.00	928.464
1250.00	916.013
1251.00	903.888
1252.00	909.934
1253.00	905.943
1254.00	904.632
1255.00	914.131
1256.00	921.044
1257.00	943.118
1258.00	924.139
1259.00	942.269
1260.00	949.696
1261.00	931.978
1262.00	952.916
1263.00	944.835
1264.00	933.926
1265.00	944.846
1266.00	944.717
1267.00	944.484
1268.00	947.770
1269.00	954.826
1270.00	961.304
1271.00	948.534
1272.00	962.163
1273.00	947.196
1274.00	971.851
1275.00	979.534
1276.00	977.423
1277.00	982.368
1278.00	989.581
1279.00	978.170
1280.00	987.021
1281.00	999.852
1282.00	1009.672
1283.00	1006.419
1284.00	1036.451
1285.00	1008.968
1286.00	1026.425
1287.00	1034.116
1288.00	1021.924
1289.00	1018.430
1290.00	1018.973
1291.00	1040.145
1292.00	1056.709
1293.00	1051.995
1294.00	1056.327
1295.00	1055.397
1296.00	1072.561
1297.00	1046.273
1298.00	1080.971
1299.00	1085.014
1300.00	1074.950
1301.00	1124.454
1302.00	1088.898
1303.00	1100.074
1304.00	1106.323
1305.00	1142.069
1306.00	1126.396
1307.00	1153.695
1308.00	1161.663
1309.00	1167.008
1310.00	1157.833
1311.00	1176.178
1312.00	1213.981
1313.00	1189.190
1314.00	1205.886
1315.00	1225.528
1316.00	1249.229
1317.00	1255.035
1318.00	1273.873
1319.00	1265.580
1320.00	1303.618
1321.00	1313.479
1322.00	1302.362
1323.00	1355.294
1324.00	1380.105
1325.00	1359.603
1326.00	1386.151
1327.00	1419.306
1328.00	1402.177
1329.00	1413.801
1330.00	1440.099
1331.00	1467.028
1332.00	1485.167
1333.00	1517.685
1334.00	1531.814
1335.00	1531.622
1336.00	1571.025
1337.00	1603.863
1338.00	1612.263
1339.00	1625.525
1340.00	1628.657
1341.00	1653.889
1342.00	1642.894
1343.00	1674.486
1344.00	1673.859
1345.00	1696.237
1346.00	1694.251
1347.00	1679.732
1348.00	1696.612
1349.00	1710.061
1350.00	1680.373
1351.00	1683.854
1352.00	1676.211
1353.00	1660.688
1354.00	1681.818
1355.00	1676.245
1356.00	1659.076
1357.00	1640.236
1358.00	1623.601
1359.00	1613.207
1360.00	1587.031
1361.00	1591.529
1362.00	1577.999
1363.00	1561.083
1364.00	1527.867
1365.00	1519.538
1366.00	1501.073
1367.00	1509.178
1368.00	1474.779
1369.00	1435.260
1370.00	1448.208
1371.00	1451.994
1372.00	1424.036
1373.00	1413.224
1374.00	1390.423
1375.00	1354.126
1376.00	1344.329
1377.00	1339.848
1378.00	1342.498
1379.00	1337.428
1380.00	1332.128
1381.00	1310.366
1382.00	1316.968
1383.00	1293.585
1384.00	1280.356
1385.00	1291.294
1386.00	1262.748
1387.00	1233.987
1388.00	1247.384
1389.00	1254.940
1390.00	1210.879
1391.00	1237.897
1392.00	1232.837
1393.00	1214.628
1394.00	1209.151
1395.00	1216.846
1396.00	1211.533
1397.00	1229.155
1398.00	1214.699
1399.00	1187.610
1400.00	1192.909
1401.00	1208.408
1402.00	1219.666
1403.00	1198.698
1404.00	1195.106
1405.00	1211.186
1406.00	1186.219
1407.00	1180.565
1408.00	1165.240
1409.00	1174.103
1410.00	1204.593
1411.00	1159.701
1412.00	1175.328
1413.00	1156.838
1414.00	1173.933
1415.00	1181.800
1416.00	1167.081
1417.00	1177.720
1418.00	1176.650
1419.00	1172.495
1420.00	1186.940
1421.00	1174.987
1422.00	1161.355
1423.00	1156.292
1424.00	1153.838
1425.00	1169.281
1426.00	1159.341
1427.00	1195.695
1428.00	1184.835
1429.00	1159.992
1430.00	1158.514
1431.00	1182.699
1432.00	1139.824
1433.00	1157.064
1434.00	1174.001
1435.00	1151.804
1436.00	1157.231
1437.00	1158.990
1438.00	1171.427
1439.00	1165.485
1440.00	1169.039
1441.00	1171.777
1442.00	1165.451
1443.00	1178.917
1444.00	1157.377
1445.00	1149.463
1446.00	1145.982
1447.00	1148.494
1448.00	1162.017
1449.00	1181.694
1450.00	1172.167
1451.00	1163.670
1452.00	1158.821
1453.00	1166.151
1454.00	1168.523
1455.00	1167.485
1456.00	1158.005
1457.00	1170.444
1458.00	1189.348
1459.00	1152.064
1460.00	1176.317
1461.00	1154.822
1462.00	1183.577
1463.00	1173.541
1464.00	1158.641
1465.00	1186.064
1466.00	1207.879
1467.00	1188.619
1468.00	1202.523
1469.00	1189.022
1470.00	1165.315
1471.00	1198.446
1472.00	1188.924
1473.00	1177.810
1474.00	1206.213
1475.00	1201.707
1476.00	1193.458
1477.00	1211.709
1478.00	1192.386
1479.00	1212.162
1480.00	1194.776
1481.00	1214.122
1482.00	1196.190
1483.00	1228.988
1484.00	1215.920
1485.00	1231.849
1486.00	1206.606
1487.00	1212.619
1488.00	1230.302
1489.00	1189.233
1490.00	1211.326
1491.00	1238.535
1492.00	1233.770
1493.00	1242.027
1494.00	1228.701
1495.00	1241.368
1496.00	1228.058
1497.00	1222.641
1498.00	1221.092
1499.00	1237.186
1500.00	1239.649
1501.00	1241.169
1502.00	1208.678
1503.00	1229.881
1504.00	1250.136
1505.00	1262.699
1506.00	1255.103
1507.00	1254.389
1508.00	1240.145
1509.00	1295.116
1510.00	1260.734
1511.00	1297.320
1512.00	1299.106
1513.00	1287.012
1514.00	1280.295
1515.00	1292.293
1516.00	1280.513
1517.00	1301.229
1518.00	1302.000
1519.00	1312.331
1520.00	1321.460
1521.00	1335.088
1522.00	1314.011
1523.00	1335.713
1524.00	1318.367
1525.00	1321.968
1526.00	1330.290
1527.00	1331.106
1528.00	1360.025
1529.00	1364.911
1530.00	1374.880
1531.00	1365.310
1532.00	1375.142
1533.00	1371.392
1534.00	1371.268
1535.00	1397.467
1536.00	1402.640
1537.00	1393.763
1538.00	1422.027
1539.00	1402.408
1540.00	1429.836
1541.00	1433.487
1542.00	1444.182
1543.00	1447.453
1544.00	1482.273
1545.00	1488.516
1546.00	1507.330
1547.00	1506.654
1548.00	1502.055
1549.00	1526.246
1550.00	1530.313
1551.00	1564.478
1552.00	1588.731
1553.00	1594.133
1554.00	1599.781
1555.00	1620.159
1556.00	1645.541
1557.00	1645.132
1558.00	1684.603
1559.00	1706.479
1560.00	1719.818
1561.00	1744.582
1562.00	1775.871
1563.00	1789.171
1564.00	1815.293
1565.00	1861.540
1566.00	1882.724
1567.00	1928.774
1568.00	1925.956
1569.00	1946.055
1570.00	2008.543
1571.00	2038.577
1572.00	2047.794
1573.00	2068.007
1574.00	2113.097
1575.00	2119.351
1576.00	2161.265
1577.00	2162.042
1578.00	2205.711
1579.00	2200.554
1580.00	2237.334
1581.00	2269.022
1582.00	2254.487
1583.00	2269.908
1584.00	2252.007
1585.00	2244.140
1586.00	2228.249
1587.00	2246.544
1588.00	2217.945
1589.00	2219.779
1590.00	2165.308
1591.00	2153.794
1592.00	2132.721
1593.00	2122.697
1594.00	2100.654
1595.00	2043.456
1596.00	2009.811
1597.00	1974.749
1598.00	1984.035
1599.00	1939.787
1600.00	1906.492
1601.00	1887.810
1602.00	1832.706
1603.00	1818.572
1604.00	1827.316
1605.00	1798.628
1606.00	1774.450
1607.00	1740.386
1608.00	1740.186
1609.00	1736.159
1610.00	1682.739
1611.00	1681.126
1612.00	1660.113
1613.00	1654.884
1614.00	1636.737
1615.00	1621.581
1616.00	1600.261
1617.00	1598.844
1618.00	1580.500
1619.00	1575.573
1620.00	1566.608
1621.00	1565.814
1622.00	1542.088
1623.00	1536.799
1624.00	1545.612
1625.00	1522.635
1626.00	1515.030
1627.00	1521.852
1628.00	1508.426
1629.00	1500.271
1630.00	1496.165
1631.00	1473.310
1632.00	1488.670
1633.00	1494.277
1634.00	1480.829
1635.00	1450.920
1636.00	1468.971
1637.00	1450.888
1638.00	1455.420
1639.00	1456.281
1640.00	1437.189
1641.00	1464.473
1642.00	1444.727
1643.00	1452.329
1644.00	1447.851
1645.00	1453.915
1646.00	1449.776
1647.00	1415.603
1648.00	1431.746
1649.00	1403.661
1650.00	1422.074
1651.00	1434.274
1652.00	1435.024
1653.00	1437.975
1654.00	1416.522
1655.00	1423.513
1656.00	1419.545
1657.00	1432.361
1658.00	1435.069
1659.00	1410.626
1660.00	1459.330
1661.00	1412.926
1662.00	1407.682
1663.00	1418.450
1664.00	1419.585
1665.00	1416.322
1666.00	1401.304
1667.00	1426.160
1668.00	1408.565
1669.00	1425.845
1670.00	1423.625
1671.00	1391.187
1672.00	1394.308
1673.00	1393.691
1674.00	1408.365
1675.00	1405.718
1676.00	1408.029
1677.00	1394.821
1678.00	1409.486
1679.00	1421.036
1680.00	1388.014
1681.00	1401.560
1682.00	1406.792
1683.00	1402.173
1684.00	1401.310
1685.00	1424.871
1686.00	1419.034
1687.00	1413.836
1688.00	1394.535
1689.00	1430.613
1690.00	1408.120
1691.00	1396.934
1692.00	1399.919
1693.00	1398.209
1694.00	1429.669
1695.00	1406.829
1696.00	1405.285
1697.00	1378.867
1698.00	1413.737
1699.00	1392.392
1700.00	1391.745
1701.00	1412.877
1702.00	1395.399
1703.00	1416.035
1704.00	1419.722
1705.00	1385.052
1706.00	1405.165
1707.00	1388.197
1708.00	1406.632
1709.00	1418.622
1710.00	1391.619
1711.00	1429.928
1712.00	1404.886
1713.00	1394.743
1714.00	1407.780
1715.00	1419.119
1716.00	1393.434
1717.00	1410.335
1718.00	1394.192
1719.00	1425.489
1720.00	1413.267
1721.00	1406.680
1722.00	1424.586
1723.00	1397.085
1724.00	1408.217
1725.00	1435.485
1726.00	1412.240
1727.00	1430.412
1728.00	1416.879
1729.00	1406.547
1730.00	1412.404
1731.00	1416.700
1732.00	1411.279
1733.00	1406.727
1734.00	1407.662
1735.00	1399.667
1736.00	1419.222
1737.00	1423.052
1738.00	1427.751
1739.00	1397.530
1740.00	1429.308
1741.00	1419.874
1742.00	1403.379
1743.00	1422.141
1744.00	1431.188
1745.00	1428.130
1746.00	1431.013
1747.00	1434.103
1748.00	1433.961
1749.00	1423.235
1750.00	1399.125
1751.00	1415.454
1752.00	1429.297
1753.00	1419.845
1754.00	1434.162
1755.00	1435.965
1756.00	1427.426
1757.00	1449.863
1758.00	1416.060
1759.00	1439.394
1760.00	1423.004
1761.00	1419.764
1762.00	1436.649
1763.00	1422.650
1764.00	1440.802
1765.00	1416.947
1766.00	1431.822
1767.00	1421.731
1768.00	1429.484
1769.00	1428.291
1770.00	1419.661
1771.00	1441.521
1772.00	1419.162
1773.00	1422.791
1774.00	1445.699
1775.00	1447.127
1776.00	1443.907
1777.00	1440.421
1778.00	1464.121
1779.00	1422.709
1780.00	1428.745
1781.00	1426.179
1782.00	1449.328
1783.00	1442.437
1784.00	1452.746
1785.00	1451.519
1786.00	1437.580
1787.00	1430.884
1788.00	1429.234
1789.00	1468.109
1790.00	1453.607
1791.00	1449.537
1792.00	1438.775
1793.00	1440.884
1794.00	1439.553
1795.00	1440.211
1796.00	1415.667
1797.00	1444.186
1798.00	1440.744
1799.00	1449.216
1800.00	1448.659
1801.00	1456.789
1802.00	1446.793
1803.00	1456.913
1804.00	1417.015
1805.00	1434.926
1806.00	1469.244
1807.00	1434.295
1808.00	1445.965
1809.00	1458.182
1810.00	1439.493
1811.00	1459.135
1812.00	1433.706
1813.00	1428.259
1814.00	1435.642
1815.00	1432.121
1816.00	1452.122
1817.00	1448.887
1818.00	1457.006
1819.00	1440.998
1820.00	1484.301
1821.00	1452.997
1822.00	1453.948
1823.00	1460.318
1824.00	1452.276
1825.00	1447.967
1826.00	1456.919
1827.00	1467.256
1828.00	1464.558
1829.00	1468.210
1830.00	1450.473
1831.00	1448.277
1832.00	1481.958
1833.00	1455.367
1834.00	1464.300
1835.00	1467.742
1836.00	1476.250
1837.00	1443.303
1838.00	1454.068
1839.00	1454.938
1840.00	1456.830
1841.00	1431.799
1842.00	1459.898
1843.00	1426.624
1844.00	1465.225
1845.00	1468.393
1846.00	1469.408
1847.00	1448.064
1848.00	1474.268
1849.00	1452.720
1850.00	1448.641
1851.00	1451.878
1852.00	1453.742
1853.00	1466.256
1854.00	1474.351
1855.00	1439.499
1856.00	1458.487
1857.00	1476.062
1858.00	1467.941
1859.00	1471.857
1860.00	1448.026
1861.00	1477.710
1862.00	1447.738
1863.00	1469.083
1864.00	1483.371
1865.00	1489.819
1866.00	1473.633
1867.00	1478.291
1868.00	1460.664
1869.00	1462.381
1870.00	1482.407
1871.00	1468.605
1872.00	1467.267
1873.00	1452.073
1874.00	1471.009
1875.00	1477.152
1876.00	1460.068
1877.00	1463.706
1878.00	1488.946
1879.00	1472.306
1880.00	1466.887
1881.00	1456.886
1882.00	1463.271
1883.00	1467.880
1884.00	1487.480
1885.00	1463.891
1886.00	1492.913
1887.00	1460.397
1888.00	1467.407
1889.00	1481.975
1890.00	1469.121
1891.00	1462.187
1892.00	1470.712
1893.00	1477.820
1894.00	1451.984
1895.00	1469.725
1896.00	1471.526
1897.00	1468.120
1898.00	1481.914
1899.00	1466.388
1900.00	1468.954
1901.00	1473.894
1902.00	1482.300
1903.00	1471.007
1904.00	1491.964
1905.00	1462.974
1906.00	1489.402
1907.00	1463.764
1908.00	1472.192
1909.00	1478.605
1910.00	1498.979
1911.00	1485.151
1912.00	1469.608
1913.00	1490.142
1914.00	1472.059
1915.00	1465.193
1916.00	1480.139
1917.00	1475.949
1918.00	1486.316
1919.00	1468.329
1920.00	1479.555
1921.00	1482.638
1922.00	1478.404
1923.00	1474.760
1924.00	1466.773
1925.00	1486.023
1926.00	1476.855
1927.00	1481.190
1928.00	1471.049
1929.00	1475.434
1930.00	1462.848
1931.00	1476.334
1932.00	1484.500
1933.00	1476.439
1934.00	1485.639
1935.00	1479.081
1936.00	1491.688
1937.00	1473.034
1938.00	1455.640
1939.00	1480.479
1940.00	1473.290
1941.00	1463.559
1942.00	1483.042
1943.00	1478.371
1944.00	1480.512
1945.00	1471.144
1946.00	1477.459
1947.00	1478.106
1948.00	1496.304
1949.00	1466.753
1950.00	1474.783
1951.00	1479.220
1952.00	1454.098
1953.00	1455.498
1954.00	1500.658
1955.00	1453.394
1956.00	1481.426
1957.00	1464.273
1958.00	1465.215
1959.00	1450.500
1960.00	1463.396
1961.00	1483.528
1962.00	1457.358
1963.00	1481.072
1964.00	1477.587
1965.00	1497.945
1966.00	1467.924
1967.00	1488.670
1968.00	1484.063
1969.00	1469.840
1970.00	1453.205
1971.00	1491.151
1972.00	1456.538
1973.00	1467.100
1974.00	1483.246
1975.00	1485.903
1976.00	1462.226
1977.00	1471.844
1978.00	1468.978
1979.00	1486.110
1980.00	1501.833
1981.00	1449.662
1982.00	1482.458
1983.00	1436.999
1984.00	1471.299
1985.00	1457.654
1986.00	1494.688
1987.00	1472.605
1988.00	1461.587
1989.00	1464.253
1990.00	1463.154
1991.00	1472.127
1992.00	1467.776
1993.00	1477.347
1994.00	1487.760
1995.00	1477.490
1996.00	1454.154
1997.00	1449.170
1998.00	1459.377
1999.00	1480.863
2000.00	1463.984
2001.00	1459.770
2002.00	1469.213
2003.00	1450.337
2004.00	1453.418
2005.00	1472.977
2006.00	1462.975
2007.00	1460.931
2008.00	1469.934
2009.00	1458.854
2010.00	1457.384
2011.00	1459.845
2012.00	1472.335
2013.00	1465.558
2014.00	1450.239
2015.00	1460.667
2016.00	1471.810
2017.00	1486.204
2018.00	1449.768
2019.00	1467.256
2020.00	1459.802
2021.00	1472.525
2022.00	1467.721
2023.00	1479.697
2024.00	1467.965
2025.00	1454.889
2026.00	1454.662
2027.00	1465.683
2028.00	1465.244
2029.00	1488.966
2030.00	1479.988
2031.00	1445.468
2032.00	1463.430
2033.00	1442.928
2034.00	1438.701
2035.00	1467.158
2036.00	1464.519
2037.00	1445.095
2038.00	1476.939
2039.00	1445.138
2040.00	1442.506
2041.00	1463.998
2042.00	1458.462
2043.00	1453.525
2044.00	1454.285
2045.00	1457.410
2046.00	1452.681
2047.00	1451.915
2048.00	1430.859
2049.00	1437.129
2050.00	1460.184
2051.00	1444.017
2052.00	1458.624
2053.00	1466.517
2054.00	1447.040
2055.00	1454.299
2056.00	1475.422
2057.00	1458.441
2058.00	1471.799
2059.00	1467.690
2060.00	1457.918
2061.00	1447.121
2062.00	1437.943
2063.00	1434.286
2064.00	1453.039
2065.00	1452.395
2066.00	1444.253
2067.00	1456.098
2068.00	1438.226
2069.00	1458.366
2070.00	1445.082
2071.00	1443.722
2072.00	1443.708
2073.00	1442.078
2074.00	1472.668
2075.00	1423.015
2076.00	1444.021
2077.00	1456.362
2078.00	1449.579
2079.00	1436.876
2080.00	1460.912
2081.00	1426.736
2082.00	1423.406
2083.00	1445.420
2084.00	1420.668
2085.00	1409.101
2086.00	1447.744
2087.00	1445.795
2088.00	1444.954
2089.00	1429.821
2090.00	1437.367
2091.00	1423.086
2092.00	1454.978
2093.00	1443.151
2094.00	1442.056
2095.00	1409.236
2096.00	1441.808
2097.00	1449.530
2098.00	1445.677
2099.00	1440.027
2100.00	1430.020
2101.00	1425.400
2102.00	1436.190
2103.00	1433.029
2104.00	1430.735
2105.00	1423.647
2106.00	1446.991
2107.00	1412.256
2108.00	1425.450
2109.00	1418.209
2110.00	1437.002
2111.00	1441.227
2112.00	1438.432
2113.00	1432.006
2114.00	1405.546
2115.00	1446.785
2116.00	1427.442
2117.00	1419.368
2118.00	1420.353
2119.00	1415.444
2120.00	1424.025
2121.00	1422.078
2122.00	1413.450
2123.00	1386.345
2124.00	1416.173
2125.00	1421.724
2126.00	1421.721
2127.00	1412.968
2128.00	1419.649
2129.00	1425.947
2130.00	1407.359
2131.00	1429.990
2132.00	1388.323
2133.00	1396.039
2134.00	1399.695
2135.00	1380.606
2136.00	1397.323
2137.00	1423.678
2138.00	1422.972
2139.00	1408.614
2140.00	1427.469
2141.00	1409.059
2142.00	1399.577
2143.00	1407.814
2144.00	1402.629
2145.00	1412.465
2146.00	1384.953
2147.00	1414.337
2148.00	1396.181
2149.00	1411.309
2150.00	1381.899
2151.00	1394.705
2152.00	1400.016
2153.00	1409.236
2154.00	1383.146
2155.00	1417.101
2156.00	1402.217
2157.00	1389.447
2158.00	1409.693
2159.00	1395.644
2160.00	1407.636
2161.00	1420.936
2162.00	1401.600
2163.00	1385.376
2164.00	1385.903
2165.00	1397.315
2166.00	1393.091
2167.00	1378.949
2168.00	1380.234
2169.00	1395.546
2170.00	1415.020
2171.00	1354.595
2172.00	1394.145
2173.00	1382.222
2174.00	1393.401
2175.00	1393.753
2176.00	1383.265
2177.00	1369.727
2178.00	1364.440
2179.00	1357.999
2180.00	1394.439
2181.00	1376.534
2182.00	1371.845
2183.00	1374.272
2184.00	1360.805
2185.00	1379.805
2186.00	1391.244
2187.00	1388.350
2188.00	1355.164
2189.00	1389.580
2190.00	1363.310
2191.00	1348.785
2192.00	1356.245
2193.00	1358.657
2194.00	1369.427
2195.00	1356.379
2196.00	1349.891
2197.00	1364.089
2198.00	1389.597
2199.00	1357.327
2200.00	1370.570
2201.00	1365.200
2202.00	1395.377
2203.00	1339.939
2204.00	1375.099
2205.00	1345.812
2206.00	1353.313
2207.00	1358.493
2208.00	1397.115
2209.00	1348.954
2210.00	1334.669
2211.00	1372.128
2212.00	1345.711
2213.00	1352.087
2214.00	1353.933
2215.00	1354.603
2216.00	1350.613
2217.00	1355.082
2218.00	1355.730
2219.00	1360.540
2220.00	1344.375
2221.00	1339.725
2222.00	1335.153
2223.00	1354.232
2224.00	1345.767
2225.00	1352.163
2226.00	1351.182
2227.00	1364.153
2228.00	1345.609
2229.00	1351.343
2230.00	1327.077
2231.00	1327.737
2232.00	1336.150
2233.00	1324.480
2234.00	1346.543
2235.00	1321.458
2236.00	1337.460
2237.00	1306.326
2238.00	1321.748
2239.00	1330.118
2240.00	1330.257
2241.00	1311.044
2242.00	1333.024
2243.00	1342.594
2244.00	1337.848
2245.00	1321.339
2246.00	1321.365
2247.00	1313.347
2248.00	1334.309
2249.00	1343.219
2250.00	1318.773
2251.00	1303.876
2252.00	1325.813
2253.00	1331.069
2254.00	1289.071
2255.00	1322.556
2256.00	1346.027
2257.00	1329.060
2258.00	1324.974
2259.00	1322.349
2260.00	1329.420
2261.00	1304.536
2262.00	1304.838
2263.00	1319.023
2264.00	1305.058
2265.00	1315.534
2266.00	1288.626
2267.00	1319.819
2268.00	1320.032
2269.00	1309.536
2270.00	1310.128
2271.00	1326.745
2272.00	1293.441
2273.00	1294.620
2274.00	1291.591
2275.00	1298.758
2276.00	1290.857
2277.00	1302.572
2278.00	1293.453
2279.00	1283.006
2280.00	1280.927
2281.00	1313.201
2282.00	1296.966
2283.00	1294.195
2284.00	1296.371
2285.00	1294.193
2286.00	1303.382
2287.00	1300.183
2288.00	1285.485
2289.00	1281.805
2290.00	1277.771
2291.00	1274.921
2292.00	1305.884
2293.00	1277.182
2294.00	1263.073
2295.00	1276.300
2296.00	1276.081
2297.00	1288.619
2298.00	1273.148
2299.00	1289.314
2300.00	1286.676
2301.00	1296.332
2302.00	1306.250
2303.00	1313.548
2304.00	1294.686
2305.00	1263.673
2306.00	1271.852
2307.00	1278.787
2308.00	1299.745
2309.00	1282.158
2310.00	1287.590
2311.00	1270.172
2312.00	1278.453
2313.00	1279.097
2314.00	1264.112
2315.00	1278.023
2316.00	1280.653
2317.00	1265.010
2318.00	1278.235
2319.00	1284.899
2320.00	1265.025
2321.00	1263.339
2322.00	1258.725
2323.00	1254.113
2324.00	1262.523
2325.00	1254.811
2326.00	1255.113
2327.00	1248.678
2328.00	1238.630
2329.00	1244.918
2330.00	1259.216
2331.00	1240.172
2332.00	1245.696
2333.00	1272.279
2334.00	1265.192
2335.00	1242.454
2336.00	1257.116
2337.00	1241.173
2338.00	1267.607
2339.00	1240.148
2340.00	1247.257
2341.00	1261.994
2342.00	1234.541
2343.00	1259.230
2344.00	1232.865
2345.00	1244.632
2346.00	1237.326
2347.00	1238.910
2348.00	1240.993
2349.00	1237.278
2350.00	1225.062
2351.00	1246.767
2352.00	1244.114
2353.00	1250.044
2354.00	1250.285
2355.00	1216.637
2356.00	1247.290
2357.00	1246.535
2358.00	1223.675
2359.00	1241.610
2360.00	1245.879
2361.00	1220.894
2362.00	1209.915
2363.00	1221.245
2364.00	1258.172
2365.00	1226.595
2366.00	1208.290
2367.00	1218.925
2368.00	1209.133
2369.00	1215.371
2370.00	1220.406
2371.00	1187.626
2372.00	1221.792
2373.00	1233.546
2374.00	1213.304
2375.00	1210.183
2376.00	1227.001
2377.00	1197.782
2378.00	1197.135
2379.00	1194.503
2380.00	1208.406
2381.00	1214.128
2382.00	1207.418
2383.00	1214.209
2384.00	1216.687
2385.00	1211.784
2386.00	1195.228
2387.00	1200.823
2388.00	1218.128
2389.00	1189.698
2390.00	1198.327
2391.00	1195.471
2392.00	1197.428
2393.00	1185.793
2394.00	1181.621
2395.00	1227.597
2396.00	1207.390
2397.00	1186.602
2398.00	1193.561
2399.00	1201.505
2400.00	1188.377
2401.00	1199.016
2402.00	1183.352
2403.00	1185.552
2404.00	1187.957
2405.00	1182.605
2406.00	1157.782
2407.00	1186.592
2408.00	1188.601
2409.00	1190.299
2410.00	1171.782
2411.00	1186.967
2412.00	1184.551
2413.00	1159.865
2414.00	1153.796
2415.00	1185.067
2416.00	1167.030
2417.00	1189.639
2418.00	1202.430
2419.00	1168.887
2420.00	1166.743
2421.00	1174.012
2422.00	1181.387
2423.00	1158.799
2424.00	1186.514
2425.00	1182.605
2426.00	1177.786
2427.00	1162.519
2428.00	1179.138
2429.00	1177.575
2430.00	1152.025
2431.00	1190.669
2432.00	1161.131
2433.00	1168.320
2434.00	1156.753
2435.00	1166.817
2436.00	1175.276
2437.00	1150.825
2438.00	1139.808
2439.00	1153.435
2440.00	1142.325
2441.00	1148.059
2442.00	1154.811
2443.00	1154.726
2444.00	1170.155
2445.00	1141.660
2446.00	1157.243
2447.00	1146.095
2448.00	1167.743
2449.00	1180.874
2450.00	1153.363
2451.00	1168.995
2452.00	1141.727
2453.00	1128.083
2454.00	1131.219
2455.00	1126.706
2456.00	1133.390
2457.00	1141.159
2458.00	1157.040
2459.00	1150.836
2460.00	1147.204
2461.00	1135.758
2462.00	1131.386
2463.00	1139.656
2464.00	1140.119
2465.00	1140.754
2466.00	1141.354
2467.00	1134.702
2468.00	1112.237
2469.00	1121.173
2470.00	1123.874
2471.00	1153.370
2472.00	1127.113
2473.00	1139.574
2474.00	1148.280
2475.00	1133.949
2476.00	1124.476
2477.00	1124.916
2478.00	1115.413
2479.00	1130.611
2480.00	1139.723
2481.00	1132.280
2482.00	1133.958
2483.00	1132.577
2484.00	1147.279
2485.00	1114.894
2486.00	1123.663
2487.00	1129.514
2488.00	1135.295
2489.00	1090.479
2490.00	1112.629
2491.00	1115.685
2492.00	1105.128
2493.00	1126.944
2494.00	1118.707
2495.00	1110.627
2496.00	1095.084
2497.00	1098.121
2498.00	1101.499
2499.00	1118.101
2500.00	1097.337
2501.00	1086.465
2502.00	1093.201
2503.00	1102.866
2504.00	1129.391
2505.00	1138.681
2506.00	1102.233
2507.00	1118.692
2508.00	1123.541
2509.00	1121.507
2510.00	1104.062
2511.00	1089.214
2512.00	1098.360
2513.00	1081.262
2514.00	1105.860
2515.00	1111.723
2516.00	1079.079
2517.00	1100.581
2518.00	1104.124
2519.00	1115.027
2520.00	1116.003
2521.00	1108.506
2522.00	1090.087
2523.00	1093.351
2524.00	1111.672
2525.00	1089.405
2526.00	1095.632
2527.00	1114.338
2528.00	1096.618
2529.00	1078.073
2530.00	1090.510
2531.00	1101.226
2532.00	1090.774
2533.00	1106.506
2534.00	1107.474
2535.00	1083.808
2536.00	1085.109
2537.00	1089.445
2538.00	1075.827
2539.00	1094.342
2540.00	1087.214
2541.00	1098.377
2542.00	1081.340
2543.00	1077.579
2544.00	1109.795
2545.00	1076.804
2546.00	1079.953
2547.00	1077.825
2548.00	1082.603
2549.00	1074.921
2550.00	1085.039
2551.00	1076.796
2552.00	1079.940
2553.00	1088.994
2554.00	1092.770
2555.00	1089.676
2556.00	1074.973
2557.00	1088.318
2558.00	1081.866
2559.00	1081.807
2560.00	1062.200
2561.00	1090.722
2562.00	1080.804
2563.00	1102.780
2564.00	1089.827
2565.00	1068.604
2566.00	1065.406
2567.00	1095.571
2568.00	1071.163
2569.00	1089.794
2570.00	1077.906
2571.00	1106.714
2572.00	1082.400
2573.00	1099.615
2574.00	1097.441
2575.00	1075.924
2576.00	1077.588
2577.00	1099.439
2578.00	1081.734
2579.00	1071.426
2580.00	1096.445
2581.00	1113.048
2582.00	1081.919
2583.00	1099.416
2584.00	1080.934
2585.00	1099.429
2586.00	1080.584
2587.00	1099.778
2588.00	1090.668
2589.00	1082.317
2590.00	1087.763
2591.00	1078.846
2592.00	1072.295
2593.00	1073.620
2594.00	1086.137
2595.00	1074.676
2596.00	1093.242
2597.00	1094.958
2598.00	1094.880
2599.00	1083.952
2600.00	1091.312
2601.00	1091.076
2602.00	1108.046
2603.00	1083.308
2604.00	1089.239
2605.00	1091.954
2606.00	1093.989
2607.00	1087.697
2608.00	1090.178
2609.00	1111.001
2610.00	1092.271
2611.00	1112.122
2612.00	1126.769
2613.00	1118.966
2614.00	1083.250
2615.00	1115.627
2616.00	1113.529
2617.00	1115.824
2618.00	1091.326
2619.00	1121.587
2620.00	1101.084
2621.00	1131.443
2622.00	1130.588
2623.00	1150.206
2624.00	1116.916
2625.00	1105.279
2626.00	1138.270
2627.00	1138.359
2628.00	1125.537
2629.00	1148.812
2630.00	1143.182
2631.00	1121.970
2632.00	1135.817
2633.00	1137.382
2634.00	1144.212
2635.00	1150.722
2636.00	1143.051
2637.00	1152.117
2638.00	1164.751
2639.00	1160.079
2640.00	1161.115
2641.00	1164.207
2642.00	1170.275
2643.00	1152.215
2644.00	1180.970
2645.00	1170.655
2646.00	1188.345
2647.00	1173.593
2648.00	1206.638
2649.00	1202.842
2650.00	1188.330
2651.00	1212.061
2652.00	1204.885
2653.00	1240.529
2654.00	1229.831
2655.00	1219.521
2656.00	1237.045
2657.00	1239.327
2658.00	1259.581
2659.00	1255.078
2660.00	1262.650
2661.00	1248.847
2662.00	1277.655
2663.00	1299.230
2664.00	1287.773
2665.00	1285.742
2666.00	1294.326
2667.00	1287.107
2668.00	1306.991
2669.00	1297.807
2670.00	1317.751
2671.00	1318.782
2672.00	1319.656
2673.00	1342.729
2674.00	1323.955
2675.00	1347.326
2676.00	1337.775
2677.00	1381.377
2678.00	1388.693
2679.00	1380.547
2680.00	1398.349
2681.00	1387.660
2682.00	1391.758
2683.00	1384.573
2684.00	1383.057
2685.00	1399.139
2686.00	1394.633
2687.00	1398.889
2688.00	1415.589
2689.00	1407.596
2690.00	1392.260
2691.00	1409.814
2692.00	1404.224
2693.00	1410.363
2694.00	1400.773
2695.00	1427.926
2696.00	1435.465
2697.00	1397.927
2698.00	1417.218
2699.00	1414.320
2700.00	1391.510
2701.00	1402.438
2702.00	1414.555
2703.00	1403.772
2704.00	1408.635
2705.00	1370.385
2706.00	1370.347
2707.00	1377.353
2708.00	1372.358
2709.00	1362.368
2710.00	1351.148
2711.00	1344.352
2712.00	1335.269
2713.00	1341.076
2714.00	1295.495
2715.00	1340.623
2716.00	1307.796
2717.00	1289.578
2718.00	1305.821
2719.00	1274.919
2720.00	1288.879
2721.00	1271.873
2722.00	1276.233
2723.00	1271.083
2724.00	1269.644
2725.00	1240.702
2726.00	1235.747
2727.00	1231.752
2728.00	1207.655
2729.00	1224.564
2730.00	1211.899
2731.00	1187.267
2732.00	1210.981
2733.00	1206.055
2734.00	1167.177
2735.00	1183.277
2736.00	1184.965
2737.00	1173.698
2738.00	1145.625
2739.00	1134.527
2740.00	1143.926
2741.00	1133.496
2742.00	1133.612
2743.00	1126.850
2744.00	1128.910
2745.00	1110.467
2746.00	1109.983
2747.00	1142.388
2748.00	1100.172
2749.00	1105.638
2750.00	1095.440
2751.00	1089.883
2752.00	1071.717
2753.00	1084.483
2754.00	1073.141
2755.00	1079.270
2756.00	1089.874
2757.00	1063.369
2758.00	1066.279
2759.00	1040.939
2760.00	1050.792
2761.00	1064.262
2762.00	1041.265
2763.00	1030.762
2764.00	1037.386
2765.00	1029.274
2766.00	1025.260
2767.00	1020.406
2768.00	1045.520
2769.00	1008.101
2770.00	1010.539
2771.00	1005.656
2772.00	1024.453
2773.00	1003.360
2774.00	1019.553
2775.00	1003.153
2776.00	998.186
2777.00	978.305
2778.00	1007.793
2779.00	997.223
2780.00	993.118
2781.00	984.425
2782.00	978.458
2783.00	965.914
2784.00	990.198
2785.00	979.840
2786.00	970.109
2787.00	964.703
2788.00	971.550
2789.00	966.997
2790.00	985.770
2791.00	973.349
2792.00	954.953
2793.00	946.918
2794.00	955.468
2795.00	945.507
2796.00	955.541
2797.00	957.692
2798.00	958.726
2799.00	954.365
2800.00	945.397
2801.00	953.227
2802.00	933.720
2803.00	941.844
2804.00	950.955
2805.00	943.108
2806.00	922.869
2807.00	922.758
2808.00	915.759
2809.00	955.333
2810.00	913.654
2811.00	929.182
2812.00	951.489
2813.00	941.007
2814.00	942.538
2815.00	919.415
2816.00	932.961
2817.00	959.346
2818.00	921.090
2819.00	925.235
2820.00	915.253
2821.00	917.659
2822.00	921.100
2823.00	932.071
2824.00	903.456
2825.00	895.964
2826.00	912.276
2827.00	913.309
2828.00	926.672
2829.00	917.254
2830.00	900.068
2831.00	913.295
2832.00	918.834
2833.00	907.833
2834.00	899.292
2835.00	910.474
2836.00	897.090
2837.00	877.948
2838.00	915.343
2839.00	882.922
2840.00	893.419
2841.00	892.691
2842.00	891.519
2843.00	891.195
2844.00	876.409
2845.00	899.091
2846.00	892.211
2847.00	891.464
2848.00	902.976
2849.00	902.440
2850.00	904.453
2851.00	909.745
2852.00	892.140
2853.00	867.417
2854.00	887.612
2855.00	884.405
2856.00	884.278
2857.00	875.454
2858.00	871.209
2859.00	890.657
2860.00	891.972
2861.00	866.160
2862.00	885.297
2863.00	876.049
2864.00	872.686
2865.00	884.820
2866.00	875.269
2867.00	868.514
2868.00	875.120
2869.00	849.781
2870.00	865.929
2871.00	867.061
2872.00	854.866
2873.00	873.078
2874.00	873.496
2875.00	862.360
2876.00	866.870
2877.00	876.325
2878.00	880.308
2879.00	857.818
2880.00	870.362
2881.00	878.100
2882.00	864.656
2883.00	855.128
2884.00	854.561
2885.00	859.276
2886.00	850.132
2887.00	886.072
2888.00	854.477
2889.00	865.258
2890.00	862.327
2891.00	867.187
2892.00	854.338
2893.00	842.798
2894.00	877.470
2895.00	856.305
2896.00	858.086
2897.00	858.538
2898.00	870.730
2899.00	864.278
2900.00	868.603
2901.00	863.857
2902.00	855.302
2903.00	855.996
2904.00	843.513
2905.00	828.654
2906.00	848.536
2907.00	838.027
2908.00	881.444
2909.00	868.606
2910.00	863.453
2911.00	842.305
2912.00	873.132
2913.00	827.493
2914.00	832.962
2915.00	837.617
2916.00	835.019
2917.00	847.636
2918.00	847.907
2919.00	868.038
2920.00	856.629
2921.00	858.856
2922.00	848.775
2923.00	841.538
2924.00	834.623
2925.00	824.309
2926.00	831.543
2927.00	836.974
2928.00	850.266
2929.00	820.446
2930.00	823.862
2931.00	842.469
2932.00	826.828
2933.00	843.024
2934.00	833.645
2935.00	829.153
2936.00	821.770
2937.00	836.234
2938.00	828.215
2939.00	829.205
2940.00	828.516
2941.00	838.006
2942.00	837.154
2943.00	814.421
2944.00	832.665
2945.00	838.994
2946.00	846.303
2947.00	842.852
2948.00	835.594
2949.00	818.998
2950.00	823.100
2951.00	842.947
2952.00	823.183
2953.00	843.563
2954.00	846.177
2955.00	817.788
2956.00	835.468
2957.00	828.484
2958.00	853.813
2959.00	839.191
2960.00	822.665
2961.00	833.337
2962.00	817.099
2963.00	825.957
2964.00	829.900
2965.00	828.901
2966.00	830.472
2967.00	815.568
2968.00	803.887
2969.00	821.449
2970.00	814.776
2971.00	816.764
2972.00	850.498
2973.00	838.491
2974.00	822.131
2975.00	806.714
2976.00	808.030
2977.00	827.638
2978.00	835.832
2979.00	819.237
2980.00	824.022
2981.00	825.162
2982.00	834.604
2983.00	798.952
2984.00	823.099
2985.00	825.805
2986.00	832.054
2987.00	825.122
2988.00	806.878
2989.00	812.839
2990.00	801.237
2991.00	821.570
2992.00	821.285
2993.00	824.846
2994.00	806.795
2995.00	804.482
2996.00	836.206
2997.00	819.820
2998.00	838.323
2999.00	822.383
3000.00	799.310
3001.00	826.258
3002.00	831.160
3003.00	810.676
3004.00	792.737
3005.00	823.565
3006.00	813.650
3007.00	818.419
3008.00	782.605
3009.00	820.086
3010.00	781.353
3011.00	803.711
3012.00	824.513
3013.00	791.753
3014.00	791.047
3015.00	807.783
3016.00	832.709
3017.00	832.108
3018.00	805.194
3019.00	824.262
3020.00	818.990
3021.00	814.953
3022.00	815.853
3023.00	802.668
3024.00	820.764
3025.00	823.668
3026.00	843.133
3027.00	821.504
3028.00	780.854
3029.00	795.616
3030.00	813.855
3031.00	810.468
3032.00	787.110
3033.00	807.552
3034.00	804.726
3035.00	808.227
3036.00	807.153
3037.00	819.472
3038.00	825.802
3039.00	816.238
3040.00	794.518
3041.00	797.293
3042.00	799.518
3043.00	806.603
3044.00	801.973
3045.00	802.710
3046.00	795.657
3047.00	817.937
3048.00	816.583
3049.00	817.643
3050.00	805.048
3051.00	811.295
3052.00	794.730
3053.00	793.348
3054.00	798.794
3055.00	812.168
3056.00	803.196
3057.00	791.112
3058.00	805.771
3059.00	809.565
3060.00	806.287
3061.00	796.172
3062.00	804.785
3063.00	798.794
3064.00	799.789
3065.00	802.466
3066.00	812.427
3067.00	825.136
3068.00	821.785
3069.00	810.474
3070.00	797.984
3071.00	798.934
3072.00	799.302
3073.00	816.173
3074.00	769.032
3075.00	805.166
3076.00	778.020
3077.00	801.743
3078.00	817.544
3079.00	790.580
3080.00	773.979
3081.00	816.803
3082.00	819.173
3083.00	806.953
3084.00	815.901
3085.00	791.077
3086.00	814.649
3087.00	820.856
3088.00	808.004
3089.00	803.568
3090.00	815.470
3091.00	813.531
3092.00	790.839
3093.00	816.024
3094.00	808.519
3095.00	801.369
3096.00	814.992
3097.00	810.336
3098.00	808.067
3099.00	792.907
3100.00	808.890
3101.00	785.474
3102.00	797.149
3103.00	778.237
3104.00	777.995
3105.00	803.658
3106.00	797.251
3107.00	799.147
3108.00	805.129
3109.00	802.123
3110.00	787.185
3111.00	798.602
3112.00	796.817
3113.00	791.284
3114.00	795.932
3115.00	792.945
3116.00	789.446
3117.00	793.130
3118.00	799.868
3119.00	821.716
3120.00	787.062
3121.00	803.040
3122.00	779.152
3123.00	815.681
3124.00	792.514
3125.00	798.095
3126.00	811.673
3127.00	808.113
3128.00	778.277
3129.00	802.760
3130.00	793.289
3131.00	803.368
3132.00	797.689
3133.00	804.615
3134.00	799.210
3135.00	793.954
3136.00	809.681
3137.00	776.956
3138.00	790.216
3139.00	783.874
3140.00	793.545
3141.00	790.043
3142.00	793.357
3143.00	789.181
3144.00	789.365
3145.00	775.207
3146.00	794.419
3147.00	798.507
3148.00	787.589
3149.00	786.801
3150.00	786.889
3151.00	814.712
3152.00	796.762
3153.00	799.101
3154.00	790.786
3155.00	788.336
3156.00	783.738
3157.00	812.732
3158.00	773.768
3159.00	797.721
3160.00	793.782
3161.00	790.953
3162.00	775.174
3163.00	779.102
3164.00	805.655
3165.00	785.503
3166.00	804.332
3167.00	801.774
3168.00	800.646
3169.00	802.789
3170.00	779.085
3171.00	787.878
3172.00	801.670
3173.00	778.339
3174.00	813.424
3175.00	786.695
3176.00	792.602
3177.00	781.036
3178.00	797.692
3179.00	784.462
3180.00	790.324
3181.00	779.536
3182.00	807.470
3183.00	773.547
3184.00	798.521
3185.00	795.923
3186.00	798.303
3187.00	780.774
3188.00	805.400
3189.00	804.541
3190.00	794.858
3191.00	796.671
3192.00	791.007
3193.00	800.589
3194.00	782.996
3195.00	799.487
3196.00	797.684
3197.00	775.868
3198.00	761.281
3199.00	791.345
3200.00	790.795
