Wavenumber,Intensity
3200.00,784.816
3199.00,784.368
3198.00,808.961
3197.00,794.740
3196.00,783.090
3195.00,792.340
3194.00,785.837
3193.00,787.456
3192.00,788.774
3191.00,798.983
3190.00,799.231
3189.00,787.203
3188.00,796.170
3187.00,763.511
3186.00,780.027
3185.00,804.392
3184.00,781.651
3183.00,778.577
3182.00,779.240
3181.00,786.860
3180.00,784.173
3179.00,799.999
3178.00,785.745
3177.00,787.760
3176.00,770.127
3175.00,803.023
3174.00,797.029
3173.00,802.434
3172.00,783.537
3171.00,799.029
3170.00,794.374
3169.00,789.038
3168.00,773.714
3167.00,786.816
3166.00,793.836
3165.00,772.765
3164.00,813.907
3163.00,784.947
3162.00,793.157
3161.00,804.568
3160.00,794.362
3159.00,809.509
3158.00,807.073
3157.00,809.431
3156.00,814.931
3155.00,792.527
3154.00,790.206
3153.00,788.857
3152.00,784.597
3151.00,809.397
3150.00,806.511
3149.00,786.645
3148.00,789.993
3147.00,816.826
3146.00,788.435
3145.00,797.441
3144.00,782.951
3143.00,785.056
3142.00,827.315
3141.00,780.990
3140.00,810.135
3139.00,803.046
3138.00,808.383
3137.00,787.349
3136.00,791.115
3135.00,786.644
3134.00,803.891
3133.00,800.598
3132.00,773.802
3131.00,793.832
3130.00,798.106
3129.00,814.518
3128.00,807.688
3127.00,797.666
3126.00,798.837
3125.00,786.886
3124.00,790.966
3123.00,784.128
3122.00,782.097
3121.00,796.022
3120.00,797.440
3119.00,804.236
3118.00,825.953
3117.00,802.437
3116.00,804.788
3115.00,791.100
3114.00,806.911
3113.00,821.726
3112.00,807.794
3111.00,795.969
3110.00,792.235
3109.00,803.303
3108.00,815.633
3107.00,810.225
3106.00,792.052
3105.00,780.763
3104.00,806.619
3103.00,805.328
3102.00,810.587
3101.00,816.294
3100.00,807.873
3099.00,784.631
3098.00,811.654
3097.00,806.436
3096.00,799.335
3095.00,803.156
3094.00,805.587
3093.00,778.491
3092.00,782.831
3091.00,800.506
3090.00,801.003
3089.00,801.583
3088.00,791.018
3087.00,809.857
3086.00,804.699
3085.00,803.007
3084.00,781.167
3083.00,822.443
3082.00,801.702
3081.00,817.338
3080.00,800.076
3079.00,786.878
3078.00,803.279
3077.00,772.956
3076.00,790.265
3075.00,810.401
3074.00,798.410
3073.00,797.343
3072.00,798.710
3071.00,807.884
3070.00,807.515
3069.00,799.468
3068.00,790.082
3067.00,785.032
3066.00,818.868
3065.00,793.806
3064.00,792.937
3063.00,800.206
3062.00,790.302
3061.00,789.448
3060.00,791.109
3059.00,788.795
3058.00,814.700
3057.00,797.430
3056.00,808.248
3055.00,813.338
3054.00,800.270
3053.00,796.666
3052.00,785.018
3051.00,794.240
3050.00,801.113
3049.00,817.672
3048.00,815.844
3047.00,814.626
3046.00,804.367
3045.00,805.326
3044.00,820.325
3043.00,800.252
3042.00,791.987
3041.00,798.383
3040.00,805.697
3039.00,819.529
3038.00,804.321
3037.00,798.762
3036.00,807.874
3035.00,798.672
3034.00,792.657
3033.00,811.632
3032.00,799.044
3031.00,815.499
3030.00,803.238
3029.00,830.829
3028.00,813.554
3027.00,801.674
3026.00,800.830
3025.00,810.933
3024.00,820.657
3023.00,807.731
3022.00,823.044
3021.00,820.344
3020.00,808.053
3019.00,833.809
3018.00,808.154
3017.00,826.056
3016.00,807.882
3015.00,816.274
3014.00,808.473
3013.00,836.609
3012.00,809.981
3011.00,809.974
3010.00,812.468
3009.00,795.106
3008.00,805.473
3007.00,811.826
3006.00,818.485
3005.00,813.694
3004.00,834.288
3003.00,821.183
3002.00,810.521
3001.00,811.430
3000.00,828.651
2999.00,815.534
2998.00,814.656
2997.00,803.790
2996.00,817.125
2995.00,792.080
2994.00,799.972
2993.00,783.618
2992.00,805.560
2991.00,816.844
2990.00,808.041
2989.00,825.694
2988.00,821.339
2987.00,805.906
2986.00,824.451
2985.00,804.681
2984.00,813.137
2983.00,833.224
2982.00,822.549
2981.00,822.878
2980.00,805.385
2979.00,828.167
2978.00,821.930
2977.00,814.279
2976.00,827.092
2975.00,815.748
2974.00,847.627
2973.00,833.416
2972.00,827.763
2971.00,844.445
2970.00,821.253
2969.00,810.284
2968.00,831.150
2967.00,849.325
2966.00,821.379
2965.00,825.508
2964.00,837.144
2963.00,830.180
2962.00,816.275
2961.00,816.710
2960.00,844.529
2959.00,808.919
2958.00,844.064
2957.00,818.425
2956.00,836.228
2955.00,809.858
2954.00,825.206
2953.00,813.030
2952.00,820.332
2951.00,828.689
2950.00,828.586
2949.00,838.348
2948.00,830.948
2947.00,817.917
2946.00,827.407
2945.00,845.290
2944.00,811.165
2943.00,843.450
2942.00,841.965
2941.00,815.548
2940.00,811.585
2939.00,819.109
2938.00,850.482
2937.00,843.258
2936.00,849.392
2935.00,822.539
2934.00,826.231
2933.00,835.860
2932.00,827.801
2931.00,834.894
2930.00,842.363
2929.00,852.970
2928.00,825.536
2927.00,850.269
2926.00,831.890
2925.00,847.012
2924.00,827.138
2923.00,851.093
2922.00,831.423
2921.00,836.061
2920.00,856.106
2919.00,846.632
2918.00,845.804
2917.00,856.385
2916.00,851.085
2915.00,840.047
2914.00,847.204
2913.00,861.740
2912.00,842.512
2911.00,830.257
2910.00,861.220
2909.00,865.676
2908.00,864.670
2907.00,843.406
2906.00,827.007
2905.00,864.987
2904.00,872.009
2903.00,835.250
2902.00,850.830
2901.00,837.661
2900.00,833.306
2899.00,841.947
2898.00,852.667
2897.00,856.085
2896.00,851.866
2895.00,842.307
2894.00,879.336
2893.00,867.927
2892.00,858.967
2891.00,844.165
2890.00,875.408
2889.00,856.626
2888.00,880.644
2887.00,868.390
2886.00,862.083
2885.00,863.861
2884.00,846.224
2883.00,858.563
2882.00,841.876
2881.00,861.870
2880.00,863.344
2879.00,875.293
2878.00,863.026
2877.00,863.241
2876.00,876.476
2875.00,891.895
2874.00,875.242
2873.00,878.089
2872.00,871.107
2871.00,843.890
2870.00,857.707
2869.00,885.342
2868.00,865.753
2867.00,876.660
2866.00,882.216
2865.00,886.450
2864.00,846.060
2863.00,862.978
2862.00,889.019
2861.00,861.220
2860.00,874.334
2859.00,876.349
2858.00,883.759
2857.00,889.469
2856.00,877.191
2855.00,876.346
2854.00,910.288
2853.00,877.144
2852.00,880.483
2851.00,884.009
2850.00,886.333
2849.00,899.789
2848.00,847.493
2847.00,921.059
2846.00,884.213
2845.00,879.996
2844.00,896.634
2843.00,901.572
2842.00,884.072
2841.00,894.811
2840.00,905.739
2839.00,898.248
2838.00,907.297
2837.00,894.869
2836.00,900.144
2835.00,894.543
2834.00,887.032
2833.00,893.050
2832.00,908.340
2831.00,911.428
2830.00,908.830
2829.00,915.987
2828.00,903.341
2827.00,909.123
2826.00,917.643
2825.00,913.240
2824.00,896.843
2823.00,919.231
2822.00,905.655
2821.00,896.218
2820.00,947.244
2819.00,919.290
2818.00,931.908
2817.00,921.823
2816.00,908.640
2815.00,914.379
2814.00,916.210
2813.00,929.473
2812.00,930.837
2811.00,915.406
2810.00,935.327
2809.00,926.273
2808.00,914.954
2807.00,958.445
2806.00,952.816
2805.00,944.233
2804.00,925.453
2803.00,949.525
2802.00,937.632
2801.00,961.776
2800.00,954.765
2799.00,960.668
2798.00,948.755
2797.00,954.965
2796.00,947.578
2795.00,943.401
2794.00,965.493
2793.00,952.358
2792.00,954.423
2791.00,975.388
2790.00,966.462
2789.00,943.703
2788.00,963.058
2787.00,946.730
2786.00,975.181
2785.00,945.709
2784.00,974.120
2783.00,973.091
2782.00,951.402
2781.00,986.365
2780.00,979.225
2779.00,987.744
2778.00,960.999
2777.00,983.570
2776.00,972.011
2775.00,973.812
2774.00,1006.831
2773.00,1002.434
2772.00,984.974
2771.00,1007.192
2770.00,975.123
2769.00,1000.680
2768.00,1011.272
2767.00,983.595
2766.00,1019.678
2765.00,1011.089
2764.00,1011.495
2763.00,1033.833
2762.00,1029.094
2761.00,1020.144
2760.00,1021.590
2759.00,1034.238
2758.00,1043.975
2757.00,1046.403
2756.00,1048.152
2755.00,1015.407
2754.00,1050.656
2753.00,1057.186
2752.00,1033.945
2751.00,1072.684
2750.00,1078.002
2749.00,1052.970
2748.00,1069.295
2747.00,1076.807
2746.00,1080.897
2745.00,1061.251
2744.00,1083.887
2743.00,1082.161
2742.00,1093.226
2741.00,1099.008
2740.00,1106.020
2739.00,1087.771
2738.00,1109.902
2737.00,1112.115
2736.00,1106.509
2735.00,1113.675
2734.00,1113.686
2733.00,1141.547
2732.00,1146.335
2731.00,1136.171
2730.00,1122.568
2729.00,1150.771
2728.00,1150.736
2727.00,1149.147
2726.00,1174.746
2725.00,1161.019
2724.00,1174.914
2723.00,1182.458
2722.00,1176.351
2721.00,1181.371
2720.00,1187.299
2719.00,1193.489
2718.00,1199.503
2717.00,1197.692
2716.00,1209.580
2715.00,1212.348
2714.00,1207.088
2713.00,1206.194
2712.00,1179.819
2711.00,1196.131
2710.00,1240.010
2709.00,1226.536
2708.00,1201.161
2707.00,1225.786
2706.00,1237.142
2705.00,1231.198
2704.00,1208.802
2703.00,1223.230
2702.00,1236.773
2701.00,1230.564
2700.00,1223.702
2699.00,1242.453
2698.00,1227.255
2697.00,1229.709
2696.00,1235.517
2695.00,1233.835
2694.00,1233.473
2693.00,1226.003
2692.00,1243.940
2691.00,1213.081
2690.00,1210.802
2689.00,1230.047
2688.00,1214.145
2687.00,1220.442
2686.00,1211.355
2685.00,1194.486
2684.00,1204.700
2683.00,1221.410
2682.00,1194.970
2681.00,1198.602
2680.00,1188.213
2679.00,1190.629
2678.00,1182.298
2677.00,1189.698
2676.00,1195.305
2675.00,1172.060
2674.00,1194.208
2673.00,1179.527
2672.00,1185.922
2671.00,1171.054
2670.00,1156.178
2669.00,1155.281
2668.00,1161.498
2667.00,1147.420
2666.00,1146.441
2665.00,1159.499
2664.00,1150.933
2663.00,1149.060
2662.00,1127.895
2661.00,1150.828
2660.00,1152.377
2659.00,1145.387
2658.00,1130.265
2657.00,1127.625
2656.00,1138.370
2655.00,1127.048
2654.00,1127.197
2653.00,1142.528
2652.00,1110.755
2651.00,1112.305
2650.00,1114.332
2649.00,1118.000
2648.00,1109.844
2647.00,1110.885
2646.00,1109.557
2645.00,1099.644
2644.00,1109.753
2643.00,1110.505
2642.00,1077.143
2641.00,1097.325
2640.00,1070.126
2639.00,1092.543
2638.00,1087.608
2637.00,1100.468
2636.00,1080.696
2635.00,1087.985
2634.00,1088.569
2633.00,1083.678
2632.00,1069.996
2631.00,1097.469
2630.00,1091.856
2629.00,1074.967
2628.00,1066.640
2627.00,1096.375
2626.00,1068.662
2625.00,1074.599
2624.00,1092.177
2623.00,1084.669
2622.00,1092.261
2621.00,1068.803
2620.00,1071.279
2619.00,1070.993
2618.00,1072.465
2617.00,1075.260
2616.00,1087.367
2615.00,1048.623
2614.00,1073.788
2613.00,1061.976
2612.00,1054.399
2611.00,1078.762
2610.00,1073.688
2609.00,1093.927
2608.00,1065.593
2607.00,1061.785
2606.00,1063.822
2605.00,1076.898
2604.00,1053.682
2603.00,1065.867
2602.00,1055.130
2601.00,1072.774
2600.00,1057.515
2599.00,1079.590
2598.00,1044.529
2597.00,1043.210
2596.00,1050.820
2595.00,1044.382
2594.00,1064.919
2593.00,1082.940
2592.00,1062.064
2591.00,1091.746
2590.00,1068.988
2589.00,1076.664
2588.00,1068.047
2587.00,1066.555
2586.00,1060.543
2585.00,1069.485
2584.00,1073.664
2583.00,1068.360
2582.00,1047.707
2581.00,1065.626
2580.00,1083.602
2579.00,1053.094
2578.00,1061.071
2577.00,1049.220
2576.00,1062.752
2575.00,1074.045
2574.00,1061.768
2573.00,1061.584
2572.00,1065.244
2571.00,1077.797
2570.00,1070.526
2569.00,1058.120
2568.00,1074.792
2567.00,1062.248
2566.00,1075.504
2565.00,1079.978
2564.00,1082.877
2563.00,1072.149
2562.00,1058.251
2561.00,1056.344
2560.00,1063.754
2559.00,1057.922
2558.00,1073.604
2557.00,1083.833
2556.00,1074.707
2555.00,1087.416
2554.00,1056.390
2553.00,1077.916
2552.00,1059.015
2551.00,1112.573
2550.00,1076.279
2549.00,1088.886
2548.00,1063.133
2547.00,1084.252
2546.00,1055.684
2545.00,1082.727
2544.00,1073.854
2543.00,1052.403
2542.00,1081.366
2541.00,1097.564
2540.00,1069.469
2539.00,1049.448
2538.00,1065.457
2537.00,1087.404
2536.00,1089.927
2535.00,1097.010
2534.00,1094.173
2533.00,1091.549
2532.00,1088.187
2531.00,1074.842
2530.00,1093.000
2529.00,1086.492
2528.00,1080.306
2527.00,1102.134
2526.00,1091.706
2525.00,1081.962
2524.00,1091.959
2523.00,1071.333
2522.00,1089.185
2521.00,1112.334
2520.00,1094.429
2519.00,1097.275
2518.00,1090.948
2517.00,1091.616
2516.00,1084.575
2515.00,1088.735
2514.00,1102.712
2513.00,1098.024
2512.00,1117.307
2511.00,1109.824
2510.00,1092.667
2509.00,1094.495
2508.00,1077.557
2507.00,1088.512
2506.00,1100.234
2505.00,1094.735
2504.00,1105.507
2503.00,1099.413
2502.00,1114.350
2501.00,1117.412
2500.00,1109.437
2499.00,1109.753
2498.00,1119.030
2497.00,1103.759
2496.00,1100.243
2495.00,1133.517
2494.00,1129.835
2493.00,1118.300
2492.00,1124.883
2491.00,1121.767
2490.00,1096.552
2489.00,1114.165
2488.00,1123.211
2487.00,1117.990
2486.00,1119.123
2485.00,1134.094
2484.00,1092.368
2483.00,1102.678
2482.00,1113.367
2481.00,1128.140
2480.00,1098.100
2479.00,1122.220
2478.00,1128.502
2477.00,1129.540
2476.00,1121.541
2475.00,1115.994
2474.00,1133.322
2473.00,1105.374
2472.00,1122.281
2471.00,1132.988
2470.00,1114.458
2469.00,1115.040
2468.00,1128.813
2467.00,1125.577
2466.00,1147.176
2465.00,1144.935
2464.00,1136.884
2463.00,1132.759
2462.00,1143.307
2461.00,1132.601
2460.00,1130.888
2459.00,1144.682
2458.00,1133.877
2457.00,1147.741
2456.00,1143.709
2455.00,1132.238
2454.00,1121.884
2453.00,1142.098
2452.00,1154.001
2451.00,1161.358
2450.00,1136.779
2449.00,1148.032
2448.00,1163.645
2447.00,1154.299
2446.00,1147.008
2445.00,1152.260
2444.00,1138.894
2443.00,1159.468
2442.00,1156.151
2441.00,1154.444
2440.00,1161.306
2439.00,1132.129
2438.00,1148.499
2437.00,1170.852
2436.00,1167.590
2435.00,1155.203
2434.00,1155.967
2433.00,1160.829
2432.00,1186.695
2431.00,1185.910
2430.00,1156.582
2429.00,1174.393
2428.00,1173.417
2427.00,1176.663
2426.00,1155.301
2425.00,1170.364
2424.00,1163.807
2423.00,1175.363
2422.00,1165.960
2421.00,1175.803
2420.00,1180.684
2419.00,1151.430
2418.00,1188.044
2417.00,1183.109
2416.00,1168.379
2415.00,1184.500
2414.00,1159.302
2413.00,1191.490
2412.00,1164.902
2411.00,1185.858
2410.00,1186.248
2409.00,1182.650
2408.00,1181.098
2407.00,1179.233
2406.00,1184.133
2405.00,1186.934
2404.00,1181.083
2403.00,1178.497
2402.00,1181.174
2401.00,1193.081
2400.00,1187.953
2399.00,1187.038
2398.00,1197.445
2397.00,1194.134
2396.00,1195.590
2395.00,1183.999
2394.00,1172.897
2393.00,1204.435
2392.00,1204.820
2391.00,1192.876
2390.00,1196.238
2389.00,1223.420
2388.00,1186.241
2387.00,1184.839
2386.00,1210.945
2385.00,1203.368
2384.00,1223.894
2383.00,1184.058
2382.00,1206.959
2381.00,1196.945
2380.00,1224.086
2379.00,1207.435
2378.00,1197.858
2377.00,1226.504
2376.00,1221.276
2375.00,1239.475
2374.00,1229.393
2373.00,1218.414
2372.00,1203.272
2371.00,1226.050
2370.00,1242.175
2369.00,1219.896
2368.00,1207.928
2367.00,1241.519
2366.00,1227.011
2365.00,1230.933
2364.00,1227.907
2363.00,1211.943
2362.00,1225.365
2361.00,1225.267
2360.00,1203.139
2359.00,1210.792
2358.00,1243.094
2357.00,1240.936
2356.00,1235.955
2355.00,1231.887
2354.00,1228.804
2353.00,1247.271
2352.00,1232.613
2351.00,1238.677
2350.00,1240.273
2349.00,1236.500
2348.00,1252.599
2347.00,1252.219
2346.00,1212.859
2345.00,1250.422
2344.00,1241.155
2343.00,1228.211
2342.00,1272.391
2341.00,1235.832
2340.00,1262.082
2339.00,1263.552
2338.00,1246.045
2337.00,1263.042
2336.00,1251.424
2335.00,1246.984
2334.00,1257.644
2333.00,1241.543
2332.00,1262.076
2331.00,1251.936
2330.00,1258.976
2329.00,1264.759
2328.00,1244.584
2327.00,1245.751
2326.00,1264.200
2325.00,1287.557
2324.00,1273.159
2323.00,1286.202
2322.00,1267.714
2321.00,1236.800
2320.00,1255.107
2319.00,1264.390
2318.00,1264.812
2317.00,1270.119
2316.00,1273.521
2315.00,1273.193
2314.00,1276.375
2313.00,1267.230
2312.00,1281.996
2311.00,1257.837
2310.00,1272.412
2309.00,1270.974
2308.00,1293.012
2307.00,1274.998
2306.00,1296.135
2305.00,1267.367
2304.00,1258.095
2303.00,1282.360
2302.00,1264.935
2301.00,1284.371
2300.00,1291.537
2299.00,1285.692
2298.00,1277.129
2297.00,1287.003
2296.00,1266.718
2295.00,1284.181
2294.00,1285.299
2293.00,1272.992
2292.00,1291.857
2291.00,1282.358
2290.00,1285.738
2289.00,1287.204
2288.00,1300.069
2287.00,1289.573
2286.00,1276.183
2285.00,1312.562
2284.00,1288.643
2283.00,1296.986
2282.00,1285.942
2281.00,1304.173
2280.00,1301.237
2279.00,1296.892
2278.00,1300.243
2277.00,1300.265
2276.00,1295.734
2275.00,1288.271
2274.00,1313.009
2273.00,1300.886
2272.00,1300.933
2271.00,1310.422
2270.00,1314.728
2269.00,1296.571
2268.00,1323.035
2267.00,1327.058
2266.00,1290.791
2265.00,1304.149
2264.00,1312.012
2263.00,1317.045
2262.00,1335.197
2261.00,1316.971
2260.00,1318.168
2259.00,1314.281
2258.00,1330.702
2257.00,1319.010
2256.00,1292.258
2255.00,1310.865
2254.00,1337.064
2253.00,1311.795
2252.00,1327.085
2251.00,1304.776
2250.00,1318.060
2249.00,1332.942
2248.00,1342.700
2247.00,1334.665
2246.00,1333.718
2245.00,1352.929
2244.00,1326.977
2243.00,1333.403
2242.00,1328.536
2241.00,1321.865
2240.00,1315.779
2239.00,1326.773
2238.00,1327.448
2237.00,1362.630
2236.00,1333.912
2235.00,1335.873
2234.00,1311.181
2233.00,1350.670
2232.00,1343.318
2231.00,1347.376
2230.00,1368.095
2229.00,1327.329
2228.00,1340.604
2227.00,1360.704
2226.00,1345.856
2225.00,1322.237
2224.00,1341.869
2223.00,1364.163
2222.00,1319.459
2221.00,1344.577
2220.00,1353.525
2219.00,1366.779
2218.00,1360.674
2217.00,1347.555
2216.00,1350.029
2215.00,1355.530
2214.00,1335.284
2213.00,1362.689
2212.00,1343.885
2211.00,1343.721
2210.00,1321.140
2209.00,1382.075
2208.00,1338.410
2207.00,1362.601
2206.00,1368.749
2205.00,1372.659
2204.00,1345.778
2203.00,1367.014
2202.00,1359.434
2201.00,1369.576
2200.00,7376.554
2199.00,1362.441
2198.00,1356.099
2197.00,1358.317
2196.00,1367.361
2195.00,1363.730
2194.00,1360.933
2193.00,1385.543
2192.00,1370.140
2191.00,1361.029
2190.00,1353.847
2189.00,1375.215
2188.00,1393.272
2187.00,1376.525
2186.00,1377.812
2185.00,1377.783
2184.00,1369.151
2183.00,1363.992
2182.00,1383.471
2181.00,1379.738
2180.00,1395.042
2179.00,1365.278
2178.00,1365.015
2177.00,1389.221
2176.00,1379.421
2175.00,1364.310
2174.00,1377.157
2173.00,1393.398
2172.00,1371.825
2171.00,1408.725
2170.00,1406.068
2169.00,1384.596
2168.00,1399.355
2167.00,1391.521
2166.00,1406.512
2165.00,1364.049
2164.00,1376.333
2163.00,1409.474
2162.00,1398.899
2161.00,1389.189
2160.00,1398.625
2159.00,1393.018
2158.00,1402.381
2157.00,1391.716
2156.00,1421.045
2155.00,1393.260
2154.00,1401.598
2153.00,1423.122
2152.00,1382.473
2151.00,1395.902
2150.00,1386.031
2149.00,1396.810
2148.00,1407.402
2147.00,1414.602
2146.00,1406.573
2145.00,1414.884
2144.00,1392.089
2143.00,1390.737
2142.00,1392.774
2141.00,1407.035
2140.00,1409.248
2139.00,1428.373
2138.00,1419.485
2137.00,1405.607
2136.00,1402.257
2135.00,1406.049
2134.00,1402.229
2133.00,1418.207
2132.00,1395.558
2131.00,1405.924
2130.00,1413.006
2129.00,1431.829
2128.00,1438.625
2127.00,1434.440
2126.00,1384.723
2125.00,1412.943
2124.00,1395.111
2123.00,1426.788
2122.00,1446.691
2121.00,1407.980
2120.00,1417.689
2119.00,1422.916
2118.00,1431.813
2117.00,1428.022
2116.00,1397.934
2115.00,1412.895
2114.00,1410.781
2113.00,1441.290
2112.00,1419.097
2111.00,1439.817
2110.00,1414.838
2109.00,1424.252
2108.00,1429.604
2107.00,1410.894
2106.00,1444.480
2105.00,1409.504
2104.00,1434.765
2103.00,1412.238
2102.00,1428.402
2101.00,1418.229
2100.00,1443.973
2099.00,1422.777
2098.00,1441.730
2097.00,1438.617
2096.00,1441.475
2095.00,1444.137
2094.00,1437.091
2093.00,1444.447
2092.00,1429.961
2091.00,1415.175
2090.00,1426.523
2089.00,1452.868
2088.00,1445.551
2087.00,1453.076
2086.00,1443.369
2085.00,1447.116
2084.00,1453.132
2083.00,1437.655
2082.00,1431.910
2081.00,1420.094
2080.00,1454.317
2079.00,1430.422
2078.00,1451.697
2077.00,1456.118
2076.00,1434.027
2075.00,1433.849
2074.00,1433.844
2073.00,1428.603
2072.00,1444.238
2071.00,1432.650
2070.00,1446.463
2069.00,1467.454
2068.00,1457.264
2067.00,1449.741
2066.00,1462.667
2065.00,1438.327
2064.00,1461.629
2063.00,1462.521
2062.00,1417.273
2061.00,1458.194
2060.00,1450.379
2059.00,1464.586
2058.00,1442.555
2057.00,1452.057
2056.00,1445.730
2055.00,1434.686
2054.00,1476.573
2053.00,1446.463
2052.00,1443.114
2051.00,1457.777
2050.00,1452.780
2049.00,1452.318
2048.00,1453.576
2047.00,1445.673
2046.00,1433.838
2045.00,1461.421
2044.00,1443.174
2043.00,1440.430
2042.00,1463.301
2041.00,1468.808
2040.00,1439.222
2039.00,1459.902
2038.00,1459.821
2037.00,1449.202
2036.00,1437.723
2035.00,1454.520
2034.00,1457.107
2033.00,1460.889
2032.00,1467.861
2031.00,1456.778
2030.00,1472.491
2029.00,1456.937
2028.00,1454.066
2027.00,1471.670
2026.00,1447.298
2025.00,1476.064
2024.00,1460.576
2023.00,1455.054
2022.00,1459.492
2021.00,1447.713
2020.00,1479.227
2019.00,1463.339
2018.00,1467.526
2017.00,1457.084
2016.00,1453.516
2015.00,1470.536
2014.00,1466.650
2013.00,1479.207
2012.00,1483.632
2011.00,1464.943
2010.00,1492.666
2009.00,1478.480
2008.00,1466.607
2007.00,1470.769
2006.00,1476.759
2005.00,1465.225
2004.00,1475.139
2003.00,1456.638
2002.00,1454.699
2001.00,1480.560
2000.00,1453.113
1999.00,1451.371
1998.00,1483.842
1997.00,1472.730
1996.00,1462.077
1995.00,1479.131
1994.00,1448.133
1993.00,1479.379
1992.00,1469.804
1991.00,1472.934
1990.00,1445.908
1989.00,1471.110
1988.00,1472.746
1987.00,1468.916
1986.00,1480.251
1985.00,1477.545
1984.00,1464.111
1983.00,1466.270
1982.00,1454.736
1981.00,1470.729
1980.00,1474.252
1979.00,1454.580
1978.00,1447.957
1977.00,1463.125
1976.00,1466.297
1975.00,1492.751
1974.00,1494.379
1973.00,1448.640
1972.00,1475.020
1971.00,1462.294
1970.00,1485.893
1969.00,1474.838
1968.00,1484.432
1967.00,1482.951
1966.00,1485.883
1965.00,1471.328
1964.00,1470.651
1963.00,1450.938
1962.00,1485.145
1961.00,1471.073
1960.00,1478.259
1959.00,1479.064
1958.00,1478.930
1957.00,1473.138
1956.00,1459.993
1955.00,1471.483
1954.00,1469.189
1953.00,1470.145
1952.00,1486.343
1951.00,1482.461
1950.00,1480.087
1949.00,1485.913
1948.00,1472.170
1947.00,1491.367
1946.00,1503.418
1945.00,1476.654
1944.00,1502.247
1943.00,1459.628
1942.00,1486.554
1941.00,1471.399
1940.00,1470.213
1939.00,1477.586
1938.00,1479.289
1937.00,1487.636
1936.00,1475.163
1935.00,1459.107
1934.00,1469.699
1933.00,1469.847
1932.00,1480.271
1931.00,1471.584
1930.00,1483.366
1929.00,1488.088
1928.00,1471.492
1927.00,1482.391
1926.00,1459.869
1925.00,1478.359
1924.00,1481.069
1923.00,1475.924
1922.00,1455.440
1921.00,1488.190
1920.00,1481.134
1919.00,1464.706
1918.00,1487.671
1917.00,1468.748
1916.00,1443.840
1915.00,1484.686
1914.00,1483.031
1913.00,1480.760
1912.00,1473.886
1911.00,1493.382
1910.00,1486.496
1909.00,1480.260
1908.00,1470.839
1907.00,1458.609
1906.00,1472.176
1905.00,1460.207
1904.00,1472.473
1903.00,1483.847
1902.00,1471.957
1901.00,1494.494
1900.00,1488.909
1899.00,1460.139
1898.00,1472.946
1897.00,1461.645
1896.00,1483.294
1895.00,1493.504
1894.00,1481.519
1893.00,1488.421
1892.00,1474.018
1891.00,1455.007
1890.00,1500.441
1889.00,1470.316
1888.00,1471.290
1887.00,1476.749
1886.00,1477.943
1885.00,1479.185
1884.00,1482.619
1883.00,1475.432
1882.00,1482.023
1881.00,1466.011
1880.00,1472.204
1879.00,1456.425
1878.00,1458.897
1877.00,1478.364
1876.00,1470.859
1875.00,1481.441
1874.00,1479.821
1873.00,1461.298
1872.00,1489.618
1871.00,1465.288
1870.00,1482.200
1869.00,1472.148
1868.00,1474.281
1867.00,1476.001
1866.00,1456.155
1865.00,1465.703
1864.00,1467.881
1863.00,1453.756
1862.00,1459.053
1861.00,1471.530
1860.00,1473.792
1859.00,1447.992
1858.00,1455.909
1857.00,1457.547
1856.00,1467.230
1855.00,1471.148
1854.00,1497.014
1853.00,1470.973
1852.00,1467.182
1851.00,1466.623
1850.00,1473.767
1849.00,1483.214
1848.00,1463.179
1847.00,1470.937
1846.00,1477.263
1845.00,1474.521
1844.00,1463.318
1843.00,1485.882
1842.00,1467.791
1841.00,1475.155
1840.00,1474.307
1839.00,1446.508
1838.00,1474.625
1837.00,1441.847
1836.00,1462.394
1835.00,1464.249
1834.00,1479.094
1833.00,1481.687
1832.00,1451.332
1831.00,1467.023
1830.00,1474.414
1829.00,1472.673
1828.00,1436.997
1827.00,1442.896
1826.00,1461.766
1825.00,1471.660
1824.00,1465.421
1823.00,1449.012
1822.00,1471.410
1821.00,1466.960
1820.00,1454.035
1819.00,1447.674
1818.00,1443.271
1817.00,1452.931
1816.00,1440.089
1815.00,1450.680
1814.00,1457.405
1813.00,1459.404
1812.00,1456.375
1811.00,1458.202
1810.00,1452.712
1809.00,1448.135
1808.00,1481.001
1807.00,1462.568
1806.00,1464.314
1805.00,1444.881
1804.00,1458.112
1803.00,1467.030
1802.00,1449.028
1801.00,1424.906
1800.00,1449.401
1799.00,1447.971
1798.00,1433.235
1797.00,1467.311
1796.00,1441.547
1795.00,1441.259
1794.00,1451.841
1793.00,1474.006
1792.00,1451.212
1791.00,1450.240
1790.00,1442.466
1789.00,1459.455
1788.00,1440.651
1787.00,1460.387
1786.00,1457.399
1785.00,1434.699
1784.00,1445.736
1783.00,1431.996
1782.00,1432.438
1781.00,1461.078
1780.00,1440.201
1779.00,1449.523
1778.00,1444.234
1777.00,1460.718
1776.00,1435.469
1775.00,1482.240
1774.00,1452.456
1773.00,1452.766
1772.00,1448.011
1771.00,1462.361
1770.00,1445.165
1769.00,1439.621
1768.00,1423.727
1767.00,1429.908
1766.00,1451.433
1765.00,1434.166
1764.00,1460.680
1763.00,1423.339
1762.00,1452.146
1761.00,1440.798
1760.00,1454.345
1759.00,1428.522
1758.00,1430.193
1757.00,1457.097
1756.00,1430.039
1755.00,1445.863
1754.00,1416.936
1753.00,1428.483
1752.00,1463.976
1751.00,1440.780
1750.00,1436.477
1749.00,1415.677
1748.00,1448.418
1747.00,1421.753
1746.00,1450.813
1745.00,1439.129
1744.00,1435.140
1743.00,1437.200
1742.00,1405.557
1741.00,1441.777
1740.00,1451.388
1739.00,1436.087
1738.00,1427.170
1737.00,1425.495
1736.00,1395.522
1735.00,1441.306
1734.00,1458.788
1733.00,1435.777
1732.00,1429.100
1731.00,1418.870
1730.00,1433.099
1729.00,1424.120
1728.00,1421.372
1727.00,1419.657
1726.00,1424.063
1725.00,1435.749
1724.00,1422.936
1723.00,1428.743
1722.00,1420.350
1721.00,1434.638
1720.00,1443.302
1719.00,1416.200
1718.00,1423.379
1717.00,1426.008
1716.00,1417.076
1715.00,1442.950
1714.00,1411.002
1713.00,1429.051
1712.00,1458.290
1711.00,1437.089
1710.00,1433.350
1709.00,1423.250
1708.00,1439.523
1707.00,1430.028
1706.00,1443.007
1705.00,1439.085
1704.00,1441.585
1703.00,1429.287
1702.00,1422.505
1701.00,1401.757
1700.00,1412.384
1699.00,1425.099
1698.00,1425.877
1697.00,1429.074
1696.00,1405.835
1695.00,1428.371
1694.00,1426.991
1693.00,1424.444
1692.00,1441.936
1691.00,1433.798
1690.00,1419.280
1689.00,1424.216
1688.00,1408.886
1687.00,1415.961
1686.00,1429.466
1685.00,1420.108
1684.00,1441.083
1683.00,1430.976
1682.00,1450.228
1681.00,1434.496
1680.00,1452.371
1679.00,1462.334
1678.00,1417.241
1677.00,1462.693
1676.00,1436.177
1675.00,1438.303
1674.00,1416.286
1673.00,1431.230
1672.00,1444.453
1671.00,1438.657
1670.00,1428.970
1669.00,1428.182
1668.00,1447.230
1667.00,1454.368
1666.00,1422.674
1665.00,1453.835
1664.00,1460.139
1663.00,1455.101
1662.00,1444.433
1661.00,1455.638
1660.00,1445.561
1659.00,1457.925
1658.00,1447.096
1657.00,1475.988
1656.00,1465.502
1655.00,1475.085
1654.00,1456.439
1653.00,1454.440
1652.00,1483.013
1651.00,1478.969
1650.00,1482.506
1649.00,1458.581
1648.00,1480.895
1647.00,1485.326
1646.00,1487.424
1645.00,1508.063
1644.00,1501.304
1643.00,1504.810
1642.00,1521.928
1641.00,1507.352
1640.00,1502.248
1639.00,1501.515
1638.00,1529.051
1637.00,1546.953
1636.00,1542.639
1635.00,1531.768
1634.00,1541.450
1633.00,1559.564
1632.00,1577.598
1631.00,1564.146
1630.00,1612.479
1629.00,1600.133
1628.00,1581.757
1627.00,1610.536
1626.00,1588.917
1625.00,1619.479
1624.00,1615.838
1623.00,1643.957
1622.00,1655.096
1621.00,1675.829
1620.00,1680.307
1619.00,1688.505
1618.00,1704.850
1617.00,1722.856
1616.00,1729.493
1615.00,1752.850
1614.00,1776.696
1613.00,1787.617
1612.00,1802.566
1611.00,1813.959
1610.00,1847.728
1609.00,1836.870
1608.00,1893.438
1607.00,1902.093
1606.00,1917.609
1605.00,1948.471
1604.00,1970.330
1603.00,2011.969
1602.00,2022.371
1601.00,2044.074
1600.00,2054.086
1599.00,2084.939
1598.00,2094.548
1597.00,2130.914
1596.00,2162.399
1595.00,2153.874
1594.00,2206.522
1593.00,2200.750
1592.00,2215.830
1591.00,2262.919
1590.00,2254.413
1589.00,2259.393
1588.00,2260.677
1587.00,2288.698
1586.00,2271.085
1585.00,2263.876
1584.00,2244.932
1583.00,2269.246
1582.00,2262.558
1581.00,2247.407
1580.00,2230.516
1579.00,2215.535
1578.00,2167.792
1577.00,2178.072
1576.00,2129.207
1575.00,2103.083
1574.00,2097.690
1573.00,2063.914
1572.00,2053.860
1571.00,2026.582
1570.00,1987.591
1569.00,1963.379
1568.00,1964.259
1567.00,1912.580
1566.00,1890.761
1565.00,1844.569
1564.00,1813.640
1563.00,1825.158
1562.00,1812.633
1561.00,1787.794
1560.00,1758.725
1559.00,1742.786
1558.00,1713.378
1557.00,1693.583
1556.00,1676.443
1555.00,1676.469
1554.00,1640.232
1553.00,1639.011
1552.00,1639.079
1551.00,1616.467
1550.00,1584.789
1549.00,1567.555
1548.00,1566.186
1547.00,1566.482
1546.00,1556.900
1545.00,1531.125
1544.00,1516.497
1543.00,1488.865
1542.00,1509.910
1541.00,1463.854
1540.00,1473.042
1539.00,1476.074
1538.00,1452.748
1537.00,1452.571
1536.00,1461.519
1535.00,1413.145
1534.00,1427.096
1533.00,1424.372
1532.00,1413.298
1531.00,1411.501
1530.00,1409.169
1529.00,1386.398
1528.00,1391.582
1527.00,1384.804
1526.00,1386.548
1525.00,1356.042
1524.00,1408.715
1523.00,1385.918
1522.00,1370.876
1521.00,1372.659
1520.00,1362.939
1519.00,1345.770
1518.00,1350.754
1517.00,1337.571
1516.00,1344.409
1515.00,1337.752
1514.00,1343.905
1513.00,1335.504
1512.00,1343.755
1511.00,1338.729
1510.00,1314.764
1509.00,1315.067
1508.00,1309.233
1507.00,1318.751
1506.00,1279.809
1505.00,1299.894
1504.00,1305.949
1503.00,1276.926
1502.00,1319.698
1501.00,1314.416
1500.00,1288.751
1499.00,1295.659
1498.00,1289.738
1497.00,1287.400
1496.00,1285.116
1495.00,1268.759
1494.00,1283.070
1493.00,1289.079
1492.00,1282.327
1491.00,1287.933
1490.00,1284.962
1489.00,1280.897
1488.00,1267.661
1487.00,1300.956
1486.00,1261.065
1485.00,1271.204
1484.00,1283.538
1483.00,1261.902
1482.00,1264.628
1481.00,1248.159
1480.00,1258.420
1479.00,1281.105
1478.00,1264.317
1477.00,1252.712
1476.00,1272.452
1475.00,1267.356
1474.00,1247.704
1473.00,1233.968
1472.00,1264.414
1471.00,1254.826
1470.00,1236.302
1469.00,1267.425
1468.00,1254.504
1467.00,1270.588
1466.00,1274.476
1465.00,1241.487
1464.00,1237.782
1463.00,1261.457
1462.00,1271.678
1461.00,1241.139
1460.00,1243.081
1459.00,1249.977
1458.00,1256.642
1457.00,1251.872
1456.00,1242.338
1455.00,1250.999
1454.00,1244.896
1453.00,1242.488
1452.00,1258.844
1451.00,1255.437
1450.00,1251.852
1449.00,1254.395
1448.00,1253.294
1447.00,1264.709
1446.00,1257.162
1445.00,1247.848
1444.00,1252.177
1443.00,1272.648
1442.00,1267.280
1441.00,1252.038
1440.00,1268.233
1439.00,1249.666
1438.00,1258.760
1437.00,1267.221
1436.00,1253.074
1435.00,1263.327
1434.00,1253.746
1433.00,1267.183
1432.00,1294.815
1431.00,1264.347
1430.00,1273.636
1429.00,1279.315
1428.00,1294.417
1427.00,1271.940
1426.00,1287.655
1425.00,1326.920
1424.00,1317.367
1423.00,1301.515
1422.00,1324.594
1421.00,1284.169
1420.00,1314.569
1419.00,1318.513
1418.00,1321.089
1417.00,1321.210
1416.00,1309.573
1415.00,1336.457
1414.00,1341.456
1413.00,1333.358
1412.00,1326.130
1411.00,1355.544
1410.00,1377.950
1409.00,1348.917
1408.00,1363.204
1407.00,1375.364
1406.00,1381.488
1405.00,1379.069
1404.00,1431.702
1403.00,1410.479
1402.00,1414.052
1401.00,1431.041
1400.00,1441.962
1399.00,1420.880
1398.00,1472.670
1397.00,1453.545
1396.00,1461.580
1395.00,1502.805
1394.00,1493.346
1393.00,1489.722
1392.00,1502.494
1391.00,1540.349
1390.00,1541.439
1389.00,1577.662
1388.00,1589.726
1387.00,1574.185
1386.00,1598.160
1385.00,1623.419
1384.00,1642.814
1383.00,1652.395
1382.00,1668.863
1381.00,1682.775
1380.00,1704.143
1379.00,1714.702
1378.00,1739.943
1377.00,1743.530
1376.00,1785.320
1375.00,1797.737
1374.00,1842.056
1373.00,1860.202
1372.00,1864.459
1371.00,1892.297
1370.00,1924.999
1369.00,1932.656
1368.00,1953.268
1367.00,1961.610
1366.00,1981.829
1365.00,2018.421
1364.00,2021.774
1363.00,2030.976
1362.00,2033.140
1361.00,2062.402
1360.00,2077.413
1359.00,2087.254
1358.00,2098.205
1357.00,2120.257
1356.00,2115.608
1355.00,2129.790
1354.00,2114.832
1353.00,2135.869
1352.00,2155.735
1351.00,2134.493
1350.00,2125.782
1349.00,2113.485
1348.00,2099.679
1347.00,2103.025
1346.00,2065.936
1345.00,2070.262
1344.00,2052.419
1343.00,2046.156
1342.00,2020.728
1341.00,2007.447
1340.00,1998.906
1339.00,1977.893
1338.00,1951.798
1337.00,1923.231
1336.00,1918.331
1335.00,1895.584
1334.00,1861.178
1333.00,1851.849
1332.00,1791.216
1331.00,1785.891
1330.00,1766.431
1329.00,1736.418
1328.00,1712.162
1327.00,1684.864
1326.00,1683.637
1325.00,1666.560
1324.00,1614.426
1323.00,1613.930
1322.00,1593.570
1321.00,1551.784
1320.00,1542.363
1319.00,1530.157
1318.00,1522.201
1317.00,1517.052
1316.00,1464.361
1315.00,1454.303
1314.00,1439.678
1313.00,1438.965
1312.00,1399.436
1311.00,1390.570
1310.00,1377.893
1309.00,1374.461
1308.00,1350.012
1307.00,1351.613
1306.00,1337.765
1305.00,1311.243
1304.00,1321.216
1303.00,1286.349
1302.00,1271.083
1301.00,1266.045
1300.00,1261.815
1299.00,1235.866
1298.00,1210.293
1297.00,1235.157
1296.00,1217.280
1295.00,1201.602
1294.00,1192.218
1293.00,1200.696
1292.00,1169.845
1291.00,1172.202
1290.00,1176.801
1289.00,1154.531
1288.00,1144.527
1287.00,1132.481
1286.00,1134.752
1285.00,1135.150
1284.00,1135.254
1283.00,1130.990
1282.00,1119.444
1281.00,1107.415
1280.00,1101.909
1279.00,1092.853
1278.00,1078.684
1277.00,1092.639
1276.00,1080.180
1275.00,1066.554
1274.00,1076.753
1273.00,1053.553
1272.00,1093.002
1271.00,1052.622
1270.00,1064.946
1269.00,1027.389
1268.00,1032.495
1267.00,1038.562
1266.00,1036.099
1265.00,1014.332
1264.00,1024.673
1263.00,1013.255
1262.00,1015.261
1261.00,1015.262
1260.00,997.582
1259.00,997.896
1258.00,1005.084
1257.00,981.936
1256.00,974.003
1255.00,967.472
1254.00,970.726
1253.00,972.133
1252.00,954.951
1251.00,989.478
1250.00,966.357
1249.00,957.295
1248.00,947.749
1247.00,947.421
1246.00,949.383
1245.00,937.834
1244.00,927.463
1243.00,936.194
1242.00,939.987
1241.00,974.629
1240.00,931.201
1239.00,948.685
1238.00,921.002
1237.00,944.580
1236.00,944.255
1235.00,919.896
1234.00,938.688
1233.00,915.744
1232.00,915.272
1231.00,917.096
1230.00,906.284
1229.00,947.393
1228.00,897.554
1227.00,909.901
1226.00,903.832
1225.00,891.129
1224.00,882.272
1223.00,891.544
1222.00,886.111
1221.00,894.611
1220.00,893.069
1219.00,870.660
1218.00,902.154
1217.00,879.502
1216.00,871.687
1215.00,876.294
1214.00,878.957
1213.00,869.944
1212.00,880.982
1211.00,878.236
1210.00,838.654
1209.00,871.150
1208.00,866.147
1207.00,840.469
1206.00,852.606
1205.00,859.158
1204.00,862.750
1203.00,844.774
1202.00,857.349
1201.00,873.962
1200.00,835.908
1199.00,858.661
1198.00,862.352
1197.00,830.406
1196.00,831.808
1195.00,835.072
1194.00,828.795
1193.00,842.428
1192.00,857.550
1191.00,841.535
1190.00,846.433
1189.00,827.546
1188.00,833.681
1187.00,832.981
1186.00,848.223
1185.00,832.033
1184.00,813.492
1183.00,810.031
1182.00,828.739
1181.00,813.366
1180.00,814.884
1179.00,803.838
1178.00,820.356
1177.00,811.213
1176.00,825.981
1175.00,810.906
1174.00,807.146
1173.00,786.583
1172.00,810.160
1171.00,803.430
1170.00,800.428
1169.00,774.447
1168.00,775.005
1167.00,808.547
1166.00,780.270
1165.00,808.687
1164.00,796.499
1163.00,785.722
1162.00,791.269
1161.00,781.761
1160.00,788.092
1159.00,772.583
1158.00,788.215
1157.00,780.785
1156.00,793.605
1155.00,794.974
1154.00,796.467
1153.00,762.856
1152.00,789.352
1151.00,778.260
1150.00,769.094
1149.00,787.475
1148.00,790.445
1147.00,775.105
1146.00,780.427
1145.00,766.260
1144.00,779.478
1143.00,744.934
1142.00,750.546
1141.00,759.251
1140.00,783.349
1139.00,759.603
1138.00,766.621
1137.00,758.325
1136.00,742.370
1135.00,756.826
1134.00,751.792
1133.00,760.706
1132.00,743.923
1131.00,727.556
1130.00,742.650
1129.00,754.781
1128.00,746.544
1127.00,736.978
1126.00,757.290
1125.00,728.502
1124.00,742.904
1123.00,727.424
1122.00,742.965
1121.00,738.491
1120.00,715.245
1119.00,761.063
1118.00,738.786
1117.00,711.206
1116.00,715.480
1115.00,714.809
1114.00,723.597
1113.00,732.654
1112.00,731.084
1111.00,723.899
1110.00,728.759
1109.00,740.336
1108.00,709.627
1107.00,719.878
1106.00,712.922
1105.00,734.280
1104.00,735.431
1103.00,705.823
1102.00,720.740
1101.00,720.885
1100.00,6731.511
1099.00,720.546
1098.00,701.082
1097.00,686.247
1096.00,694.156
1095.00,710.220
1094.00,706.816
1093.00,718.612
1092.00,698.950
1091.00,734.106
1090.00,705.111
1089.00,706.508
1088.00,687.963
1087.00,685.461
1086.00,674.052
1085.00,690.439
1084.00,686.081
1083.00,661.767
1082.00,702.727
1081.00,700.942
1080.00,674.553
1079.00,696.366
1078.00,706.106
1077.00,679.412
1076.00,695.348
1075.00,682.563
1074.00,694.309
1073.00,701.852
1072.00,683.327
1071.00,677.933
1070.00,672.288
1069.00,667.833
1068.00,659.534
1067.00,661.418
1066.00,670.621
1065.00,663.072
1064.00,669.917
1063.00,657.827
1062.00,677.586
1061.00,654.053
1060.00,669.675
1059.00,660.176
1058.00,659.236
1057.00,677.616
1056.00,688.718
1055.00,650.442
1054.00,655.251
1053.00,657.836
1052.00,648.318
1051.00,669.213
1050.00,658.757
1049.00,668.705
1048.00,654.597
1047.00,636.341
1046.00,641.872
1045.00,645.589
1044.00,664.897
1043.00,655.754
1042.00,653.960
1041.00,658.244
1040.00,632.005
1039.00,634.630
1038.00,640.001
1037.00,649.461
1036.00,619.871
1035.00,654.111
1034.00,639.923
1033.00,655.907
1032.00,669.074
1031.00,676.764
1030.00,636.036
1029.00,633.721
1028.00,653.360
1027.00,617.467
1026.00,630.897
1025.00,643.827
1024.00,644.114
1023.00,612.477
1022.00,628.573
1021.00,642.201
1020.00,660.253
1019.00,616.126
1018.00,647.208
1017.00,644.216
1016.00,617.259
1015.00,631.556
1014.00,631.838
1013.00,635.285
1012.00,622.722
1011.00,625.483
1010.00,625.329
1009.00,638.464
1008.00,618.272
1007.00,597.513
1006.00,599.613
1005.00,623.076
1004.00,634.500
1003.00,607.562
1002.00,628.068
1001.00,609.064
1000.00,621.235
999.00,591.805
998.00,630.851
997.00,599.209
996.00,614.273
995.00,634.477
994.00,616.926
993.00,600.778
992.00,606.319
991.00,618.031
990.00,610.523
989.00,581.590
988.00,612.081
987.00,600.939
986.00,612.399
985.00,620.990
984.00,599.005
983.00,602.278
982.00,589.624
981.00,586.189
980.00,608.307
979.00,611.452
978.00,581.835
977.00,597.672
976.00,571.772
975.00,600.703
974.00,606.332
973.00,582.400
972.00,596.378
971.00,595.159
970.00,578.629
969.00,592.510
968.00,597.088
967.00,599.671
966.00,584.494
965.00,583.855
964.00,594.978
963.00,559.717
962.00,582.056
961.00,573.978
960.00,566.504
959.00,581.048
958.00,589.166
957.00,589.541
956.00,582.979
955.00,575.243
954.00,578.586
953.00,571.692
952.00,566.124
951.00,581.176
950.00,558.539
949.00,587.698
948.00,570.323
947.00,593.709
946.00,561.504
945.00,579.501
944.00,552.076
943.00,574.320
942.00,564.737
941.00,571.033
940.00,558.153
939.00,555.918
938.00,572.449
937.00,565.113
936.00,589.876
935.00,558.918
934.00,570.143
933.00,553.113
932.00,577.940
931.00,569.672
930.00,559.559
929.00,552.857
928.00,543.055
927.00,552.154
926.00,551.240
925.00,549.116
924.00,566.003
923.00,564.423
922.00,553.059
921.00,553.809
920.00,544.689
919.00,553.490
918.00,561.433
917.00,571.699
916.00,539.258
915.00,548.284
914.00,560.290
913.00,525.194
912.00,552.383
911.00,535.992
910.00,558.398
909.00,533.533
908.00,567.885
907.00,539.276
906.00,547.905
905.00,572.900
904.00,550.509
903.00,552.979
902.00,546.227
901.00,537.595
900.00,521.249
899.00,529.576
898.00,530.638
897.00,529.682
896.00,532.246
895.00,537.378
894.00,533.492
893.00,525.472
892.00,536.702
891.00,526.204
890.00,550.713
889.00,522.895
888.00,545.838
887.00,533.928
886.00,520.142
885.00,528.764
884.00,520.629
883.00,527.850
882.00,539.174
881.00,519.568
880.00,523.897
879.00,531.586
878.00,530.217
877.00,546.542
876.00,514.098
875.00,509.049
874.00,522.561
873.00,528.598
872.00,513.342
871.00,521.526
870.00,539.143
869.00,521.296
868.00,534.185
867.00,489.987
866.00,500.229
865.00,505.187
864.00,525.178
863.00,515.515
862.00,514.033
861.00,513.219
860.00,522.760
859.00,505.135
858.00,510.429
857.00,516.489
856.00,541.109
855.00,524.018
854.00,512.489
853.00,525.437
852.00,512.106
851.00,492.656
850.00,521.516
849.00,522.060
848.00,485.468
847.00,523.254
846.00,503.966
845.00,517.843
844.00,498.879
843.00,492.118
842.00,495.324
841.00,525.546
840.00,506.277
839.00,497.734
838.00,488.676
837.00,512.091
836.00,499.071
835.00,503.957
834.00,502.517
833.00,508.103
832.00,511.818
831.00,499.869
830.00,507.869
829.00,479.162
828.00,475.918
827.00,476.461
826.00,520.256
825.00,504.428
824.00,482.357
823.00,498.869
822.00,497.369
821.00,495.119
820.00,502.421
819.00,481.079
818.00,492.773
817.00,483.430
816.00,496.727
815.00,488.462
814.00,494.581
813.00,479.087
812.00,484.119
811.00,483.813
810.00,498.745
809.00,479.845
808.00,489.344
807.00,494.734
806.00,481.024
805.00,498.141
804.00,505.491
803.00,454.081
802.00,477.908
801.00,476.079
800.00,484.109
