1.41925	25813.3
3.27445	17476.6
5.12712	16994.5
6.97944	19787.1
8.83138	22376.8
10.683	7396.03
12.5363	2326.42
14.3872	1081.12
16.2377	498.336
18.0878	289.419
19.9376	190.893
21.7869	169.198
23.636	133.504
25.4846	124.58
27.3351	110.797
29.183	100.796
31.0306	102.533
32.8778	86.08
34.7246	88.4772
36.5711	92.5477
38.4172	80.3207
40.263	90.3566
42.1084	76.225
43.9534	76.1586
45.7981	86.1464
47.6424	84.2229
49.4863	92.8783
51.3299	92.8878
53.1731	89.0298
55.016	96.4065
56.8584	133.108
58.7006	192.888
60.5423	251.715
62.3837	292.031
64.2248	285.353
66.0655	299.675
67.9058	327.947
69.7457	350.435
71.5853	371.373
73.4245	379.547
75.2634	394.321
77.1019	420.252
78.9401	473.923
80.7779	571.398
82.6153	639.758
84.4523	683.941
86.289	698.392
88.1254	742.011
89.9614	794.953
91.7949	805.479
93.6301	847.115
95.465	881.54
97.2996	888.884
99.1337	892.04
100.968	922.572
102.801	916.455
104.632	932.602
106.465	940.349
108.297	960.102
110.129	950.213
111.961	956.49
113.792	973.815
115.621	965.552
117.452	954.436
119.282	951.387
121.112	942.133
122.939	949.453
124.768	959.666
126.597	959.671
128.425	963.833
130.253	962.933
132.079	951.889
133.906	949.856
135.733	967.419
137.558	966.487
139.384	961.203
141.21	972.529
143.036	964.204
144.859	963.777
146.684	948.212
148.508	965.04
150.33	960.412
152.154	965.18
153.977	986.841
155.798	963.246
157.621	986.503
159.444	988.081
161.263	980.538
163.085	976.522
164.906	967.911
166.725	965.136
168.546	969.152
170.364	990.708
172.184	967.529
174.003	966.505
175.82	970.367
177.639	993.341
179.455	966.214
181.274	969.895
183.089	960.769
184.907	1013.43
186.724	993.022
188.538	989.969
190.354	988.452
192.168	980.599
193.984	1009.64
195.797	992.319
197.612	995.471
199.424	1017.14
201.239	1007.4
203.05	1020.73
204.864	1025.18
206.675	1000.21
208.488	988.48
210.298	1014.54
212.11	1012.09
213.92	997.403
215.729	1003.73
217.54	1009.24
219.349	1004.32
221.159	1003.93
222.967	977.66
224.776	1028.33
226.583	995.17
228.39	1009.16
230.199	994.779
232.005	999.391
233.813	1021.31
235.618	1004.49
237.423	1030.47
239.23	1024.47
241.034	1048.67
242.838	1015.42
244.644	1015.98
246.447	1021.08
248.25	1031.94
250.055	1049.99
251.857	1034.47
253.659	1053.31
255.461	1027.44
257.264	1030.67
259.065	1047.67
260.865	1042.44
262.667	1037.17
264.467	1053.8
266.267	1045.27
268.066	1058.15
269.866	1058.41
271.665	1066.71
273.463	1035.64
275.261	1062.26
277.06	1056.7
278.857	1044.53
280.654	1068
282.45	1067.87
284.246	1061.23
286.041	1070
287.839	1073.85
289.634	1070.02
291.428	1075.74
293.222	1057.17
295.016	1085.48
296.81	1088.1
298.605	1098.22
300.398	1077.83
302.19	1102.39
303.982	1082.61
305.774	1108.78
307.566	1087.54
309.357	1089.84
311.147	1060.48
312.938	1094.73
314.728	1098.83
316.52	1082.63
318.309	1067.89
320.098	1104.06
321.887	1107.19
323.675	1105.31
325.463	1108.29
327.25	1074.43
329.038	1083.94
330.825	1113.45
332.611	1130.53
334.397	1096.41
336.183	1115.63
337.969	1101.9
339.754	1085.99
341.539	1088.3
343.323	1113.1
345.107	1077.16
346.891	1090.93
348.675	1090.7
350.458	1122.02
352.238	1079.61
354.021	1106.99
355.803	1094.85
357.585	1084.16
359.366	1092.45
361.147	1092.46
362.928	1106.34
364.708	1103.92
366.488	1080.17
368.268	1064.88
370.045	1092.05
371.824	1119.48
373.603	1103.02
375.381	1140.27
377.159	1107.5
378.937	1109.25
380.712	1114.08
382.489	1136.06
384.265	1133.64
386.042	1121.74
387.817	1114.76
389.591	1125.09
391.366	1145.11
393.141	1137.83
394.915	1130.87
396.688	1152.73
398.461	1136
400.235	1136.19
402.008	1158.62
403.779	1152.76
405.551	1164.37
407.323	1131.59
409.095	1147.21
410.865	1171.96
412.636	1150.65
414.407	1167.12
416.175	1158.76
417.945	1163
419.715	1164.23
421.482	1155.15
423.251	1137.73
425.02	1182.37
426.786	1167.45
428.554	1180.24
430.322	1159.33
432.087	1166.46
433.854	1187.67
435.619	1170.1
437.385	1168.93
439.151	1165.12
440.915	1166.93
442.68	1165.31
444.443	1172.9
446.208	1175.3
447.97	1154.56
449.734	1166.31
451.498	1155.27
453.259	1149.7
455.022	1180.7
456.782	1176.01
458.545	1183.82
460.304	1162.76
462.066	1182.06
463.825	1187.6
465.586	1183.36
467.345	1182.65
469.105	1200.46
470.863	1184.28
472.622	1178.87
474.379	1196.44
476.136	1197.15
477.895	1193.22
479.651	1212.45
481.409	1221.29
483.164	1201.21
484.922	1200.01
486.676	1222.39
488.431	1217.85
490.187	1222.91
491.941	1215.9
493.696	1226.47
495.45	1224.88
497.202	1221.85
498.957	1224.93
500.709	1254.65
502.461	1241.48
504.214	1235.32
505.965	1232.49
507.716	1247.83
509.469	1218.16
511.219	1227.88
512.969	1222.97
514.718	1236.52
516.469	1217.61
518.218	1223.18
519.966	1231
521.717	1230.05
523.464	1219.25
525.212	1228.56
526.959	1252.61
528.708	1223.26
530.454	1240.39
532.2	1221.14
533.946	1203.9
535.691	1229.87
537.439	1200.53
539.183	1214.11
540.928	1212.36
542.672	1209.83
544.416	1216.91
546.159	1212.91
547.904	1213.71
549.647	1224.83
551.389	1227.6
553.132	1220.96
554.873	1202.89
556.615	1230.87
558.356	1223.33
560.097	1222.04
561.839	1234.47
563.579	1227.85
565.319	1235.71
567.058	1246.8
568.797	1223.34
570.536	1219.91
572.275	1256.41
574.013	1231.1
575.751	1207.2
577.488	1217.96
579.225	1253.85
580.962	1243.85
582.698	1210.88
584.435	1251.42
586.17	1236.19
587.906	1260.62
589.641	1238.9
591.376	1259.08
593.11	1269.7
594.844	1262.94
596.578	1262.3
598.312	1252.27
600.045	1269.01
601.778	1258.81
603.51	1276.28
605.242	1265.9
606.974	1278.26
608.704	1242.96
610.435	1252.12
612.166	1239.81
613.896	1253.37
615.626	1292.14
617.356	1246.57
619.086	1265.81
620.815	1257.98
622.542	1276.66
624.27	1280.12
625.998	1261.96
627.726	1270.03
629.454	1280.78
631.181	1281.27
632.906	1269.69
634.633	1285.12
636.359	1279.09
638.085	1256.06
639.81	1271.04
641.533	1253.21
643.258	1291.83
644.983	1261.94
646.707	1290.02
648.429	1262.27
650.153	1293.04
651.876	1288.93
653.597	1301.05
655.32	1312.36
657.042	1304.6
658.764	1295.65
660.484	1297.8
662.205	1296.58
663.926	1306.66
665.645	1288.29
667.365	1298.92
669.085	1310.4
670.803	1310.07
672.522	1327.9
674.239	1307.27
675.958	1287.24
677.676	1281.49
679.392	1324.16
681.11	1318.26
682.825	1342.86
684.542	1311.22
686.259	1339.96
687.974	1315.03
689.69	1309.96
691.404	1301.84
693.119	1351.73
694.832	1306.27
696.547	1316.24
698.259	1354.82
699.974	1328.36
701.685	1321.74
703.399	1307.36
705.11	1333.14
706.823	1334.58
708.534	1304
710.246	1344
711.956	1332.41
713.667	1347.52
715.376	1344.25
717.087	1332.78
718.796	1351.87
720.506	1343.58
722.214	1327.68
723.922	1344.49
725.631	1338.59
727.338	1346.12
729.047	1336.46
730.753	1360.6
732.459	1358.32
734.167	1335.78
735.872	1336.65
737.577	1342.73
739.284	1357.45
740.988	1354.95
742.692	1361.61
744.398	1369.2
746.102	1344.2
747.805	1362
749.51	1353.23
751.212	1368.88
752.914	1364.74
754.618	1352.57
756.32	1357.22
758.021	1374.76
759.722	1349.17
761.424	1387.7
763.124	1378.09
764.824	1360.97
766.524	1357.54
768.223	1373.07
769.924	1367.08
771.623	1371.91
773.321	1393.15
775.019	1387.17
776.717	1375.57
778.416	1387.48
780.113	1372.54
781.81	1384.23
783.506	1394.17
785.202	1361.06
786.898	1364.53
788.593	1365.81
790.29	1361.43
791.985	1373.02
793.68	1373.8
795.374	1386.32
797.068	1355.36
798.761	1372.08
800.454	1385.67
802.147	1358.8
803.84	1368.12
805.532	1382.13
807.224	1377.46
808.916	1362.16
810.607	1375.5
812.298	1378.51
813.99	1387.26
815.681	1375.06
817.371	1364.93
819.06	1391.2
820.748	1392.38
822.437	1406.42
824.126	1367.21
825.814	1398.01
827.502	1396.62
829.19	1423.22
830.877	1408.94
832.565	1405.99
834.251	1426.66
835.938	1401.26
837.624	1403.66
839.31	1417.92
840.996	1443.14
842.681	1414.95
844.364	1442.12
846.048	1412.58
847.733	1438.42
849.417	1458.83
851.1	1439.34
852.784	1435.62
854.467	1439.54
856.148	1412.18
857.83	1435.81
859.512	1459.18
861.194	1443.61
862.875	1475.81
864.555	1409.74
866.235	1439.89
867.916	1436.51
869.596	1451.24
871.274	1424.39
872.954	1470.12
874.633	1441.83
876.312	1444.41
877.988	1448.23
879.667	1444.45
881.345	1424.87
883.022	1446.78
884.698	1446.49
886.375	1418.27
888.052	1432.21
889.726	1429.88
891.402	1432.84
893.078	1439.62
894.752	1443.61
896.427	1434.14
898.102	1446.22
899.774	1425.13
901.449	1438.34
903.12	1436.42
904.794	1428.03
906.467	1400.37
908.138	1456.21
909.811	1433.4
911.482	1444.1
913.154	1457.17
914.823	1438.08
916.495	1444.12
918.166	1439.75
919.835	1443.79
921.505	1439.53
923.173	1451.02
924.843	1472.29
926.511	1465.83
928.18	1473.39
929.847	1445.14
931.516	1480.55
933.182	1473.79
934.85	1479.72
936.516	1472.53
938.181	1473.71
939.848	1487.38
941.513	1479.27
943.18	1502.88
944.844	1508.76
946.51	1502.81
948.173	1518.22
949.836	1527.91
951.501	1518.44
953.164	1488.35
954.826	1515.8
956.49	1521.59
958.152	1518.45
959.815	1528.54
961.476	1531.25
963.137	1502.19
964.799	1509.45
966.46	1507.76
968.119	1517.04
969.779	1519.46
971.44	1505.76
973.099	1548.15
974.758	1500
976.418	1507.12
978.076	1504.02
979.733	1514.14
981.391	1524.26
983.05	1519.58
984.707	1513.37
986.363	1521.63
988.019	1496.72
989.675	1515.51
991.332	1501.61
992.988	1513.06
994.643	1496
996.297	1487.16
997.951	1522.97
999.605	1497.33
1001.26	1517.94
1002.91	1505.33
1004.57	1481.32
1006.22	1500.47
1007.87	1495.67
1009.52	1523.65
1011.18	1516.23
1012.83	1512.08
1014.48	1511.42
1016.13	1513.56
1017.78	1496.59
1019.43	1514.44
1021.08	1512.43
1022.73	1522.76
1024.38	1515.85
1026.03	1524.63
1027.68	1548.3
1029.33	1537.49
1030.98	1511.49
1032.62	1552.2
1034.27	1517.77
1035.92	1528.63
1037.57	1563.35
1039.21	1543.3
1040.86	1535.06
1042.51	1527.71
1044.15	1584.05
1045.8	1544.38
1047.44	1553.26
1049.09	1587.45
1050.73	1558.41
1052.37	1552.87
1054.02	1561.61
1055.66	1558.9
1057.3	1542.77
1058.95	1588.84
1060.59	1559.55
1062.23	1580.89
1063.87	1602.28
1065.51	1588.43
1067.16	1586.54
1068.8	1603.69
1070.44	1600.88
1072.08	1605.35
1073.72	1606.14
1075.36	1599.87
1077	1592.96
1078.63	1604.91
1080.27	1567.06
1081.91	1578.01
1083.55	1594.87
1085.19	1577.95
1086.82	1592.27
1088.46	1607.72
1090.1	1601.42
1091.73	1590.67
1093.37	1584.58
1095.01	1595.69
1096.64	1578.77
1098.28	1569.84
1099.91	1596.31
1101.55	1584.34
1103.18	1580.5
1104.81	1572.12
1106.45	1579.25
1108.08	1588.86
1109.71	1592.41
1111.35	1606.76
1112.98	1611.58
1114.61	1602.06
1116.24	1580.41
1117.87	1625.71
1119.5	1614.99
1121.13	1621.96
1122.76	1627.02
1124.39	1578.41
1126.02	1638.05
1127.65	1616.33
1129.28	1613.98
1130.91	1640.31
1132.54	1626.1
1134.17	1644.79
1135.8	1646.9
1137.42	1630.81
1139.05	1643.26
1140.68	1648.71
1142.3	1625.28
1143.93	1673.5
1145.56	1633.5
1147.18	1663.48
1148.81	1667.8
1150.43	1644.75
1152.06	1673.91
1153.68	1680.35
1155.3	1689.71
1156.93	1649.38
1158.55	1656.13
1160.17	1681.58
1161.8	1675.87
1163.42	1675.16
1165.04	1680.61
1166.66	1671.44
1168.29	1662.71
1169.91	1660.31
1171.53	1656.76
1173.15	1693.19
1174.77	1676.52
1176.39	1662.92
1178.01	1658.26
1179.63	1649.04
1181.25	1668.31
1182.87	1653.2
1184.48	1677.07
1186.1	1685.14
1187.72	1662.07
1189.34	1679.99
1190.95	1694.07
1192.57	1670.27
1194.19	1658.55
1195.8	1732.45
1197.42	1683.47
1199.03	1690.92
1200.65	1698.9
1202.26	1694.01
1203.88	1729.13
1205.49	1717.1
1207.11	1672.82
1208.72	1709.68
1210.33	1689.99
1211.95	1714.85
1213.56	1719.95
1215.17	1708.67
1216.78	1730.68
1218.4	1731.18
1220.01	1736.82
1221.62	1737.09
1223.23	1733.25
1224.84	1737.75
1226.45	1753.25
1228.06	1760.6
1229.67	1744.3
1231.28	1764.81
1232.89	1756.12
1234.5	1790.34
1236.11	1744.71
1237.71	1796.58
1239.32	1784.01
1240.93	1808.47
1242.54	1810.16
1244.14	1810.29
1245.75	1822.73
1247.36	1816.02
1248.96	1796.84
1250.57	1828.41
1252.17	1837.29
1253.78	1829.58
1255.38	1822.3
1256.99	1841.44
1258.59	1845.55
1260.2	1842.5
1261.8	1843.05
1263.4	1862.79
1265	1851.99
1266.61	1823.69
1268.21	1860.9
1269.81	1858.05
1271.41	1847.51
1273.01	1863.42
1274.61	1843.18
1276.22	1853.42
1277.82	1881.94
1279.42	1856.65
1281.02	1847.93
1282.62	1855.05
1284.22	1863.16
1285.81	1846.22
1287.41	1852.05
1289.01	1839.98
1290.61	1858.03
1292.2	1915.49
1293.8	1908.9
1295.4	1881.37
1297	1895.32
1298.59	1900.13
1300.19	1908.13
1301.78	1927.99
1303.38	1947.61
1304.97	1924.52
1306.57	1943.44
1308.16	1955.46
1309.76	1949.84
1311.35	1979.09
1312.95	1968.09
1314.54	2009.42
1316.13	1996.58
1317.72	2048.96
1319.32	2038.96
1320.91	2042.36
1322.5	2070.36
1324.09	2064.63
1325.68	2100.7
1327.27	2106.86
1328.87	2158.67
1330.45	2181.89
1332.05	2204.29
1333.63	2198.98
1335.22	2260.67
1336.81	2239.51
1338.4	2259.85
1339.99	2299.84
1341.58	2287.37
1343.17	2337.95
1344.75	2341.88
1346.34	2371.36
1347.93	2329.91
1349.52	2335.32
1351.1	2372.97
1352.69	2322.21
1354.27	2359.63
1355.86	2335.45
1357.44	2320.74
1359.03	2294.98
1360.61	2285.3
1362.2	2268.04
1363.78	2244.96
1365.36	2251.74
1366.95	2205.04
1368.53	2187.39
1370.11	2196.19
1371.69	2136.85
1373.28	2121.63
1374.86	2094.48
1376.44	2117.27
1378.02	2114.04
1379.6	2126.22
1381.18	2079.19
1382.76	2112.21
1384.34	2075.96
1385.92	2053.88
1387.5	2059.3
1389.08	2062.76
1390.66	2042.58
1392.24	2016.85
1393.82	2015.7
1395.39	1993.2
1396.97	2011.21
1398.55	2022.16
1400.13	2001.79
1401.7	1995.32
1403.28	1983.75
1404.85	1965.56
1406.43	1966.49
1408	1973.58
1409.58	1965.9
1411.15	1937.06
1412.73	1971.01
1414.3	1924.87
1415.88	1939.45
1417.45	1955.56
1419.02	1925.81
1420.6	1945.38
1422.17	1935.53
1423.74	1943.79
1425.31	1970.03
1426.89	1941.71
1428.46	1923.52
1430.03	1932.43
1431.6	1943.24
1433.17	1939.76
1434.74	1940.97
1436.31	1948.49
1437.88	1968.3
1439.45	1951.11
1441.02	1972.29
1442.59	1943.02
1444.16	1923.77
1445.72	1960.41
1447.29	1943.52
1448.86	1967.69
1450.43	1949.04
1451.99	1969.81
1453.56	1971.83
1455.13	1987.15
1456.69	1985.38
1458.26	1992.88
1459.82	1996.37
1461.39	1969.44
1462.95	1988.01
1464.52	1941.84
1466.08	1973.65
1467.65	2003.06
1469.21	1975.51
1470.77	1960.35
1472.34	1992.54
1473.9	1993.35
1475.46	1963.49
1477.02	1995.46
1478.59	1993.4
1480.15	1991.12
1481.71	1994.87
1483.27	2006.83
1484.83	1975.07
1486.39	1991.75
1487.95	2008.08
1489.51	1985.17
1491.07	1993.08
1492.63	2006.57
1494.19	1993.11
1495.75	1981.81
1497.31	1991.01
1498.86	1950.36
1500.42	1979.18
1501.98	1994.99
1503.54	1972.01
1505.09	2003.35
1506.65	1977.82
1508.21	2000.36
1509.76	1969.27
1511.32	2000.01
1512.87	1979.24
1514.43	2010.04
1515.98	2002.7
1517.54	1998.71
1519.09	2007.66
1520.65	1987.89
1522.2	2000.62
1523.75	1986.31
1525.31	2013.16
1526.86	1991.7
1528.41	2031.18
1529.96	2004.57
1531.51	2037.8
1533.07	2049.57
1534.62	2036.08
1536.17	2058.64
1537.72	2075.71
1539.27	2091.66
1540.82	2107.31
1542.37	2119.76
1543.92	2129.57
1545.47	2120
1547.02	2168.15
1548.56	2165.32
1550.11	2163.18
1551.66	2205.48
1553.21	2214.61
1554.76	2230.95
1556.3	2279.46
1557.85	2293.65
1559.4	2306.13
1560.94	2386.75
1562.49	2381.96
1564.04	2416.37
1565.58	2454.41
1567.12	2499.07
1568.67	2524.33
1570.22	2538.91
1571.76	2519.34
1573.3	2570.21
1574.85	2607.27
1576.39	2595.74
1577.93	2635.93
1579.47	2607.43
1581.02	2657.08
1582.56	2609.23
1584.1	2618.81
1585.64	2588.49
1587.18	2592.58
1588.73	2541.6
1590.27	2549.27
1591.81	2524.04
1593.35	2486.8
1594.89	2473.18
1596.43	2466.76
1597.96	2442.59
1599.5	2421.35
1601.04	2397.58
1602.58	2382.02
1604.12	2364.93
1605.66	2363.81
1607.19	2320.59
1608.73	2349.27
1610.27	2312.31
1611.8	2280.71
1613.34	2257.28
1614.88	2271.71
1616.41	2248.95
1617.95	2240.85
1619.48	2225.29
1621.02	2193.18
1622.55	2170.99
1624.09	2162.21
1625.62	2109.36
1627.15	2096.63
1628.69	2076.2
1630.22	2072.06
1631.75	2043.07
1633.29	2028.93
1634.82	2010.27
1636.35	1999.26
1637.88	1964.05
1639.41	1954.9
1640.94	1948.42
1642.48	1931.66
1644.01	1932.02
1645.54	1924.01
1647.07	1892.54
1648.6	1887.4
1650.13	1886.2
1651.65	1887.24
1653.18	1899.5
1654.71	1870.78
1656.24	1869.26
1657.77	1864.16
1659.3	1860.32
1660.82	1855.8
1662.35	1855.83
1663.88	1838.15
1665.4	1850.59
1666.93	1846.31
1668.45	1851.83
1669.98	1859.11
1671.51	1845.98
1673.03	1861.98
1674.56	1857.5
1676.08	1857.99
1677.6	1848.8
1679.13	1857
1680.65	1857.7
1682.17	1872.69
1683.7	1843.46
1685.22	1856.37
1686.74	1858.71
1688.26	1857.74
1689.79	1870.67
1691.31	1874.43
1692.83	1869.29
1694.35	1857.93
1695.87	1840.17
1697.39	1853.55
1698.91	1850.45
1700.43	1889.17
1701.95	1882.32
1703.47	1884.69
1704.99	1869.74
1706.51	1885.64
1708.03	1884.82
1709.54	1871.99
1711.06	1857.91
1712.58	1881.99
1714.1	1892.7
1715.58	1855.15
1717.11	1861.28
1718.63	1855.93
1720.16	1877.77
1721.68	1854.18
1723.2	1863.87
1724.72	1837.81
1726.24	1861.08
1727.77	1867.48
1729.29	1866.21
1730.81	1851.79
1732.33	1865.46
1733.85	1867.49
1735.37	1842.1
1736.89	1861.25
1738.41	1840.44
1739.93	1859.74
1741.45	1855.25
1742.97	1833.71
1744.48	1864.44
1746	1866.87
1747.52	1843.15
1749.04	1852.62
1750.55	1841.21
1752.07	1829.16
1753.59	1825.26
1755.11	1831.76
1756.62	1841.36
1758.14	1791.03
1759.65	1853.17
1761.17	1845.33
1762.68	1829.69
1764.2	1826.1
1765.71	1822.54
1767.23	1853.97
1768.74	1843.06
1770.25	1842.1
1771.77	1820.36
1773.28	1826.17
1774.79	1825.54
1776.3	1809.47
1777.82	1834.01
1779.33	1816.48
1780.84	1812.78
1782.35	1826.45
1783.86	1818.53
1785.38	1843.58
1786.88	1850.54
1788.39	1828.71
1789.9	1845.43
1791.41	1852.03
1792.92	1839.31
1794.43	1856.8
1795.94	1857.59
1797.45	1851.14
1798.96	1860.83
1800.47	1855.09
1801.97	1862.83
1803.48	1829.67
1804.99	1842.58
1806.5	1870.4
1808	1837.05
1809.51	1846.39
1811.02	1853.47
1812.52	1857.71
1814.03	1863.52
1815.53	1860
1817.04	1851.93
1818.54	1861.19
1820.05	1877.54
1821.55	1860.38
1823.05	1857.48
1824.56	1870.36
1826.06	1868.45
1827.56	1856.1
1829.06	1847.71
1830.57	1867.03
1832.07	1845.76
1833.57	1849.45
1835.07	1850.32
1836.57	1839.57
1838.08	1839.7
1839.58	1868.17
1841.08	1856.91
1842.58	1856.2
1844.08	1856.39
1845.58	1850.95
1847.08	1846.86
1848.58	1854.45
1850.07	1851.16
1851.57	1833.67
1853.07	1861.5
1854.57	1864.91
1856.07	1864.84
1857.56	1855.84
1859.06	1856.69
1860.56	1828.27
1862.05	1832.07
1863.55	1823.3
1865.05	1835.23
1866.54	1851.12
1868.04	1838.61
1869.53	1814.61
1871.03	1830.55
1872.52	1868.12
1874.02	1852.39
1875.51	1864.32
1877	1856.33
1878.5	1859.05
1879.99	1865.74
1881.48	1854.29
1882.98	1874.25
1884.47	1869.28
1885.96	1856.27
1887.45	1873
1888.94	1834.42
1890.44	1872.44
1891.93	1859.25
1893.42	1882.4
1894.91	1868.6
1896.4	1879.86
1897.89	1874.11
1899.38	1851.39
1900.87	1877.33
1902.36	1860.73
1903.85	1898.63
1905.33	1844.6
1906.82	1861.42
1908.31	1875.62
1909.8	1886.66
1911.29	1867.79
1912.77	1871.35
1914.26	1880.48
1915.75	1869.58
1917.23	1866.99
1918.72	1867.63
1920.21	1850.64
1921.69	1865.5
1923.18	1873.23
1924.66	1858.12
1926.14	1884.32
1927.63	1895.01
1929.11	1894.31
1930.6	1876.73
1932.08	1875.41
1933.56	1856.55
1935.05	1843.47
1936.53	1856.43
1938.01	1859.1
1939.49	1860.15
1940.98	1857.39
1942.46	1862.69
1943.94	1861.59
1945.42	1867.86
1946.9	1886.23
1948.38	1861.55
1949.86	1855.82
1951.34	1830.86
1952.82	1860.65
1954.3	1851.6
1955.78	1857.51
1957.26	1837.69
1958.74	1853.88
1960.22	1860.59
1961.7	1841.46
1963.17	1861.84
1964.65	1864.08
1966.13	1855.88
1967.61	1844.23
1969.08	1845.19
1970.56	1880.89
1972.04	1834.2
1973.51	1856.48
1974.99	1829.73
1976.46	1852.72
1977.94	1841.1
1979.41	1839.31
1980.89	1861.6
1982.36	1855.72
1983.84	1892.79
1985.31	1852.06
1986.78	1852.57
1988.26	1852.5
1989.73	1881.74
1991.2	1883.26
1992.67	1862.73
1994.15	1879.17
1995.62	1865.87
1997.09	1870.56
1998.56	1886.3
2000.03	1862.41
2001.5	1891.07
2002.97	1891.87
2004.44	1875
2005.91	1870.28
2007.38	1901.89
2008.85	1887.32
2010.32	1885.46
2011.79	1892.92
2013.26	1891.3
2014.73	1912.53
2016.2	1898.98
2017.66	1888.4
2019.13	1896.38
2020.6	1899.36
2022.07	1922.44
2023.53	1905.96
2025	1908.89
2026.47	1922.68
2027.93	1918.77
2029.4	1889.38
2030.86	1888.6
2032.33	1886.27
2033.79	1915.24
2035.26	1900.94
2036.72	1899.54
2038.19	1892.61
2039.65	1900.67
2041.11	1891.73
2042.58	1902.79
2044.04	1883.52
2045.5	1906.05
2046.97	1889.95
2048.43	1907.27
2049.89	1889.24
2051.35	1922.28
2052.81	1873.13
2054.27	1908.36
2055.73	1887.03
2057.19	1896.5
2058.66	1888.59
2060.11	1906.43
2061.58	1899.26
2063.03	1882.78
2064.49	1891.78
2065.95	1898.67
2067.41	1876.09
2068.87	1865.05
2070.33	1894.79
2071.79	1861.45
2073.24	1864.37
2074.7	1872.04
2076.16	1875.71
2077.61	1865.77
2079.07	1865.98
2080.53	1849.45
2081.98	1849.82
2083.44	1869.1
2084.89	1841.37
2086.35	1875.27
2087.81	1858.38
2089.26	1841.12
2090.71	1850.06
2092.17	1847.51
2093.62	1853.65
2095.08	1841.45
2096.53	1840.84
2097.98	1857.64
2099.44	1855.43
2100.89	1848.36
2102.34	1858.27
2103.79	1833.8
2105.24	1811.59
2106.7	1837.92
2108.15	1867.46
2109.6	1811.34
2111.05	1860.89
2112.5	1854.68
2113.95	1853.6
2115.4	1887.13
2116.85	1853.9
2118.3	1859.13
2119.75	1857.06
2121.2	1843.31
2122.64	1867.42
2124.09	1855.75
2125.54	1868.33
2126.99	1858.7
2128.44	1872.06
2129.88	1855.48
2131.33	1871.96
2132.78	1883.9
2134.22	1873.61
2135.67	1852.63
2137.12	1894.02
2138.56	1849.58
2140.01	1880.52
2141.45	1899.91
2142.9	1863.16
2144.34	1861.81
2145.79	1879.01
2147.23	1888.99
2148.67	1913.15
2150.12	1880.81
2151.56	1870.87
2153	1886.53
2154.45	1903.92
2155.89	1904.57
2157.33	1903.49
2158.77	1909.61
2160.22	1908.43
2161.66	1908.02
2163.1	1887.33
2164.54	1904.93
2165.98	1908.6
2167.42	1886.36
2168.86	1911.86
2170.3	1889.58
2171.74	1904.96
2173.18	1889.78
2174.62	1926.75
2176.06	1908.64
2177.5	1903.74
2178.93	1894.17
2180.37	1918.81
2181.81	1892.82
2183.25	1891.62
2184.68	1900.22
2186.12	1884.97
2187.56	1922.28
2189	1899.49
2190.43	1893.3
2191.87	1915.73
2193.3	1882.05
2194.74	1877.37
2196.17	1884.38
2197.61	1889.72
2199.04	1889.31
2200.48	1872.27
2201.91	1869.98
2203.35	1882.56
2204.78	1885.1
2206.21	1869.44
2207.65	1847.23
2209.08	1859.29
2210.51	1868.42
2211.94	1872.34
2213.38	1856.06
2214.81	1865.25
2216.24	1864.21
2217.67	1850.92
2219.1	1866.13
2220.53	1856.99
2221.96	1864.39
2223.39	1869.37
2224.82	1865.17
2226.25	1880.07
2227.68	1845.2
2229.11	1891.85
2230.54	1882.27
2231.97	1896.15
2233.4	1868.86
2234.82	1873.31
2236.25	1872.09
2237.68	1865.6
2239.11	1852.15
2240.53	1889.48
2241.96	1864.39
2243.39	1874.9
2244.81	1901.92
2246.24	1864.02
2247.67	1870.57
2249.09	1890.62
2250.52	1914.31
2251.94	1891.51
2253.37	1902.74
2254.79	1889.41
2256.21	1917.19
2257.64	1868.62
2259.06	1883.16
2260.49	1871.26
2261.91	1899
2263.33	1900.76
2264.75	1901.2
2266.18	1889.93
2267.6	1893.44
2269.02	1889.13
2270.44	1865.59
2271.86	1862.2
2273.29	1912.62
2274.71	1918.3
2276.13	1905.34
2277.55	1897.25
2278.97	1882.86
2280.39	1895.11
2281.81	1887.46
2283.23	1892.7
2284.65	1890.03
2286.07	1904.25
2287.48	1892.06
2288.9	1887.08
2290.32	1874.54
2291.74	1893.25
2293.16	1884.06
2294.57	1856.32
2295.99	1881.48
2297.41	1874.02
2298.82	1874.82
2300.24	1865.67
2301.66	1876.05
2303.07	1883.53
2304.49	1879.18
2305.9	1872.89
2307.32	1859.75
2308.73	1894.56
2310.14	1881.14
2311.56	1828.56
2312.97	1838.54
2314.39	1844.18
2315.8	1855.36
2317.21	1840.69
2318.63	1863.91
2320.04	1876.1
2321.45	1847.18
2322.86	1859.67
2324.28	1841.88
2325.69	1840.76
2327.1	1849.46
2328.51	1849.12
2329.92	1850.47
2331.33	1887.38
2332.74	1845.42
2334.15	1853.69
2335.56	1829.74
2336.97	1853.97
2338.38	1847.74
2339.79	1847.2
2341.2	1849.34
2342.61	1848.25
2344.02	1853.06
2345.42	1841.93
2346.83	1849.55
2348.24	1865.38
2349.65	1836.96
2351.05	1828.46
2352.46	1842.02
2353.87	1840.36
2355.27	1865.97
2356.68	1863.16
2358.09	1857.31
2359.49	1866.15
2360.9	1840.42
2362.3	1851.7
2363.71	1880
2365.11	1846.77
2366.51	1832.31
2367.92	1859.99
2369.32	1849.37
2370.73	1864.96
2372.13	1847.51
2373.53	1875.39
2374.94	1882.34
2376.34	1860.09
2377.74	1880.61
2379.14	1840.95
2380.54	1857.29
2381.94	1880.9
2383.35	1888.86
2384.75	1871.03
2386.15	1889.17
2387.55	1885.46
2388.95	1877.77
2390.35	1898.92
2391.75	1878.16
2393.15	1888.93
2394.55	1888.34
2395.95	1909.51
2397.34	1870.12
2398.74	1878.96
2400.14	1906.09
2401.54	1894.45
2402.94	1865.4
2404.33	1898.74
2405.73	1887.75
2407.13	1881.24
2408.53	1894.42
2409.92	1888.68
2411.32	1902.48
2412.71	1870.37
2414.11	1874.68
2415.5	1856.85
2416.9	1861.94
2418.29	1848.12
2419.69	1885.63
2421.08	1867.21
2422.48	1871.17
2423.87	1884.61
2425.27	1873.23
2426.66	1874.79
2428.05	1866.75
2429.45	1883.92
2430.84	1856.06
2432.23	1870.66
2433.62	1867.44
2435.01	1856.87
2436.41	1838.06
2437.8	1866.71
2439.19	1862.5
2440.58	1887.48
2441.97	1861.02
2443.36	1859.08
2444.75	1848.56
2446.14	1845.62
2447.53	1842.48
2448.92	1868.52
2450.31	1838.87
2451.7	1842.9
2453.09	1853.38
2454.47	1864.3
2455.86	1844.8
2457.25	1846.05
2458.64	1851.14
2460.03	1836.55
2461.41	1847.5
2462.8	1871.11
2464.19	1863.24
2465.57	1850.69
2466.96	1860.39
2468.34	1857.52
2469.73	1861.93
2471.12	1870.77
2472.5	1843.44
2473.89	1858.06
2475.27	1861.71
2476.66	1865.91
2478.04	1853.34
2479.42	1848.46
2480.81	1862.75
2482.19	1873.62
2483.57	1862.23
2484.96	1868.56
2486.34	1860.15
2487.72	1856.79
2489.1	1874.69
2490.49	1857.09
2491.87	1880.51
2493.25	1858.7
2494.63	1868.77
2496.01	1859.35
2497.39	1872.72
2498.77	1854.24
2500.15	1869.93
2501.53	1871.42
2502.91	1849.97
2504.29	1858.84
2505.67	1876.05
2507.05	1878.45
2508.43	1895.76
2509.81	1860.8
2511.19	1881.77
2512.56	1898.52
2513.94	1891.33
2515.32	1860.43
2516.7	1874.6
2518.07	1879.53
2519.45	1900.81
2520.83	1888.15
2522.2	1894.96
2523.58	1886.07
2524.96	1912.24
2526.33	1851.82
2527.7	1912.91
2529.08	1893.53
2530.46	1856.86
2531.83	1871.4
2533.2	1880.47
2534.58	1880.49
2535.95	1886.85
2537.33	1878.13
2538.7	1886.22
2540.07	1883.8
2541.44	1874.73
2542.82	1864.26
2544.19	1893.43
2545.56	1862.39
2546.93	1891.55
2548.3	1879.65
2549.68	1874.33
2551.05	1881.12
2552.42	1870.46
2553.79	1870.72
2555.16	1880.52
2556.53	1857.6
2557.9	1862.12
2559.27	1882.51
2560.64	1870.03
2562.01	1866.4
2563.38	1898.22
2564.75	1875.97
2566.11	1880.72
2567.48	1874.06
2568.85	1878.43
2570.22	1865.94
2571.58	1877.35
2572.95	1897.66
2574.32	1845.02
2575.69	1877.5
2577.05	1892.29
2578.42	1866.95
2579.78	1885
2581.15	1877.69
2582.51	1844.24
2583.88	1892.24
2585.24	1866.63
2586.61	1884.81
2587.97	1891.98
2589.34	1850.97
2590.7	1908.57
2592.07	1879.21
2593.43	1896.09
2594.79	1899.78
2596.16	1890.76
2597.52	1903.94
2598.88	1905.08
2600.24	1911.72
2601.61	1891.68
2602.97	1905.14
2604.33	1910.37
2605.69	1921.2
2607.05	1916.21
2608.41	1898.33
2609.77	1909.62
2611.13	1898.76
2612.49	1923.79
2613.85	1921.89
2615.21	1908.42
2616.57	1927.58
2617.93	1923.76
2619.29	1899.62
2620.65	1919.89
2622.01	1924.26
2623.37	1940.13
2624.72	1922.84
2626.08	1950.68
2627.44	1960.11
2628.8	1937.72
2630.15	1957.14
2631.51	1968.1
2632.87	1943.83
2634.22	1969.83
2635.58	1990.51
2636.94	1956.33
2638.29	1976.16
2639.65	1996.92
2641	1989.38
2642.36	2004.48
2643.71	2022.78
2645.06	2020.51
2646.42	2025.34
2647.77	2014.37
2649.13	2021.87
2650.48	2044.75
2651.83	2033.1
2653.18	2037.22
2654.54	2079.72
2655.89	2043.7
2657.24	2048.08
2658.59	2076.89
2659.95	2070.23
2661.3	2070.11
2662.65	2089.64
2664	2106.45
2665.35	2104.01
2666.7	2096.1
2668.05	2123.6
2669.4	2107.19
2670.75	2121.58
2672.1	2123.76
2673.45	2149.71
2674.8	2150.43
2676.15	2134.64
2677.5	2161.25
2678.84	2160.91
2680.19	2151.3
2681.54	2152.71
2682.89	2144.19
2684.24	2146.79
2685.58	2155.37
2686.93	2138.15
2688.28	2144.64
2689.62	2167.81
2690.97	2154.77
2692.31	2114.97
2693.66	2150.45
2695.01	2147.27
2696.35	2138.91
2697.69	2143.7
2699.04	2128.47
2700.38	2118.93
2701.73	2137.08
2703.07	2122.43
2704.42	2092.9
2705.76	2111.65
2707.1	2082.54
2708.45	2073.47
2709.79	2050.32
2711.13	2064.77
2712.47	2060.39
2713.82	2055.51
2715.16	2051.43
2716.5	2010.53
2717.84	2025.39
2719.18	2005.74
2720.52	2003.23
2721.86	2012.96
2723.2	1983.59
2724.54	1996.62
2725.88	1985.93
2727.22	1996.05
2728.56	1966.49
2729.9	1975.56
2731.24	1952.06
2732.58	1978.61
2733.92	1948.9
2735.26	1963.12
2736.59	1948.91
2737.93	1941.95
2739.27	1941
2740.61	1947.66
2741.95	1934.78
2743.28	1941.28
2744.62	1934.16
2745.95	1926.04
2747.29	1937.13
2748.63	1954.65
2749.96	1934.41
2751.3	1946.77
2752.63	1908.64
2753.97	1929.53
2755.3	1927.41
2756.64	1921.52
2757.97	1898.41
2759.31	1883.01
2760.64	1905.81
2761.97	1910.17
2763.31	1910.91
2764.64	1911.78
2765.97	1882.54
2767.3	1892.53
2768.64	1892.41
2769.97	1877.58
2771.3	1884.43
2772.63	1874.53
2773.96	1850.97
2775.3	1878.73
2776.63	1865.23
2777.96	1885.43
2779.29	1873.78
2780.62	1864.99
2781.95	1895.26
2783.28	1895.34
2784.61	1865.83
2785.94	1861.72
2787.27	1885.22
2788.6	1871.04
2789.92	1869.75
2791.25	1872.54
2792.58	1862.17
2793.91	1850.17
2795.24	1851.98
2796.56	1839.27
2797.89	1856.69
2799.22	1850
2800.54	1842.31
2801.87	1850.66
2803.2	1853.15
2804.52	1849.51
2805.85	1832.89
2807.18	1831.4
2808.5	1843.71
2809.83	1830.28
2811.15	1817.92
2812.47	1865.68
2813.8	1836.7
2815.12	1846.72
2816.45	1835.91
2817.77	1844.51
2819.09	1826.44
2820.42	1806.46
2821.74	1800.52
2823.06	1832.42
2824.39	1813.04
2825.71	1819.16
2827.03	1821.3
2828.35	1817.54
2829.67	1816.35
2831	1819.62
2832.32	1823.99
2833.64	1802.86
2834.96	1825.58
2836.28	1809.84
2837.6	1826.85
2838.92	1807.22
2840.24	1800.05
2841.56	1823.3
2842.88	1831.77
2844.2	1823.65
2845.51	1814.34
2846.83	1805.69
2848.15	1840.15
2849.47	1799.58
2850.79	1800.56
2852.1	1799.48
2853.42	1793.24
2854.74	1813.01
2856.06	1804.98
2857.37	1826.89
2858.69	1811.57
2860.01	1845.67
2861.32	1804.67
2862.64	1854.1
2863.95	1819.61
2865.27	1847.28
2866.58	1833.97
2867.9	1819.39
2869.21	1834.16
2870.53	1836.7
2871.84	1821.76
2873.16	1834.98
2874.47	1817.93
2875.78	1829.39
2877.1	1842.93
2878.41	1844.13
2879.72	1851.4
2881.04	1816.91
2882.35	1859.76
2883.66	1806.26
2884.97	1828.09
2886.28	1833.65
2887.59	1841.54
2888.9	1851.09
2890.22	1836.79
2891.53	1834.87
2892.84	1867.24
2894.15	1897.18
2895.46	1838.91
2896.77	1860.72
2898.08	1859.44
2899.39	1875.76
2900.7	1860.02
2902	1866.59
2903.31	1848.67
2904.62	1854.28
2905.93	1869.04
2907.24	1840.59
2908.54	1855.82
2909.85	1866.33
2911.16	1852.12
2912.47	1857.6
2913.77	1863.99
2915.08	1848.08
2916.39	1864.32
2917.69	1857.26
2919	1842.5
2920.31	1858.99
2921.61	1865.22
2922.92	1860.95
2924.22	1875.62
2925.52	1841.73
2926.83	1831.63
2928.13	1842.25
2929.44	1854.05
2930.74	1844.49
2932.05	1831.1
2933.35	1841.13
2934.65	1816.36
2935.95	1832.54
2937.26	1816.47
2938.56	1820.02
2939.86	1831.4
2941.16	1815.7
2942.47	1830.08
2943.77	1800.63
2945.07	1834.75
2946.37	1811.2
2947.67	1833.94
2948.97	1818.89
2950.27	1792.82
2951.57	1761.17
2952.87	1810.07
2954.17	1790.49
2955.47	1795.96
2956.77	1781.72
2958.07	1794.3
2959.37	1769.32
2960.67	1766.74
2961.97	1769.23
2963.26	1763.76
2964.56	1771.74
2965.86	1758.45
2967.16	1768.93
2968.45	1730.72
2969.75	1758.97
2971.05	1747.9
2972.34	1740.41
2973.64	1759.54
2974.94	1746.73
2976.23	1736.68
2977.53	1726.78
2978.82	1748.86
2980.12	1762.24
2981.41	1727.26
2982.71	1745.31
2984	1718.6
2985.3	1730.86
2986.59	1729.17
2987.88	1716.82
2989.18	1730.38
2990.47	1730.86
2991.76	1719.25
2993.06	1725.97
2994.35	1723.04
2995.64	1743.29
2996.94	1721.96
2998.23	1735.16
2999.52	1721.74
